ttft:[0.7192559242248535, 0.7087719440460205, 0.7081966400146484, 0.7078635692596436, 0.7075529098510742, 0.7070188522338867, 0.706716775894165, 0.7064335346221924, 0.7062287330627441, 0.7060208320617676, 0.7058420181274414, 0.7055842876434326, 0.7053461074829102, 0.7051389217376709, 0.704932689666748, 0.7045650482177734, 0.7043139934539795, 0.7041130065917969, 0.703864336013794, 0.7036538124084473, 0.7034528255462646, 0.703289270401001, 0.703049898147583, 0.7028183937072754, 0.7026457786560059, 0.702399730682373, 0.7021684646606445, 0.7019119262695312, 0.701469898223877, 0.7012472152709961, 0.7010700702667236, 0.7008624076843262, 0.7006571292877197, 0.7004830837249756, 0.70023512840271, 0.6999900341033936, 0.699697732925415, 0.6995041370391846, 0.6991925239562988, 0.6990180015563965, 0.6988050937652588, 0.6986005306243896, 0.6983966827392578, 0.6978604793548584, 0.6976878643035889, 0.6973516941070557, 0.6971039772033691, 0.6969306468963623, 0.6967189311981201]
ttft:[0.7075004577636719, 0.707305908203125, 0.7069969177246094, 0.7066295146942139, 0.7063965797424316, 0.70615553855896, 0.7057898044586182, 0.705496072769165, 0.7053124904632568, 0.7051124572753906, 0.704899787902832, 0.7046985626220703, 0.7044098377227783, 0.7042233943939209, 0.7039978504180908, 0.703629732131958, 0.7034347057342529, 0.7032334804534912, 0.7030715942382812, 0.702796220779419, 0.7025635242462158, 0.7023072242736816, 0.7021527290344238, 0.7019705772399902, 0.7017717361450195, 0.7015740871429443, 0.7013094425201416, 0.7010836601257324, 0.7009408473968506, 0.700756311416626, 0.7005608081817627]
itl_3:0.04074028843925113
tpot:[0.04297924041748047, 0.04297924041748047, 0.04297924041748047, 0.04297924041748047]
itl_3:0.04074777905948084
ttft:[14.502110004425049]
itl_78:0.041140055220681135
tpot:[0.04408383369445801, 0.04408383369445801, 0.04408383369445801, 0.04408383369445801, 0.04408383369445801, 0.04408383369445801, 0.04408383369445801, 0.04408383369445801, 0.04408383369445801, 0.04408383369445801, 0.04408383369445801, 0.04408383369445801, 0.04408383369445801, 0.04408383369445801, 0.04408383369445801, 0.04408383369445801, 0.04408383369445801, 0.04408383369445801, 0.04408383369445801, 0.04408383369445801, 0.04408383369445801, 0.04408383369445801, 0.04408383369445801, 0.04408383369445801, 0.04408383369445801, 0.04408383369445801, 0.04408383369445801, 0.04408383369445801, 0.04408383369445801, 0.04408383369445801, 0.04408383369445801, 0.04408383369445801, 0.04408383369445801, 0.04408383369445801, 0.04408383369445801, 0.04408383369445801, 0.04408383369445801, 0.04408383369445801, 0.04408383369445801, 0.04408383369445801, 0.04408383369445801, 0.04408383369445801, 0.04408383369445801, 0.04408383369445801, 0.04408383369445801, 0.04408383369445801, 0.04408383369445801, 0.04408383369445801, 0.04408383369445801, 0.04408383369445801, 0.04408383369445801, 0.04408383369445801, 0.04408383369445801, 0.04408383369445801, 0.04408383369445801, 0.04408383369445801, 0.04408383369445801, 0.04408383369445801, 0.04408383369445801, 0.04408383369445801, 0.04408383369445801, 0.04408383369445801, 0.04408383369445801, 0.04408383369445801, 0.04408383369445801, 0.04408383369445801, 0.04408383369445801, 0.04408383369445801, 0.04408383369445801, 0.04408383369445801, 0.04408383369445801, 0.04408383369445801, 0.04408383369445801, 0.04408383369445801, 0.04408383369445801, 0.04408383369445801, 0.04408383369445801, 0.04408383369445801]
itl_78:0.04114732829233011
ttft:[16.558847427368164]
itl_42:0.04281246304722269
tpot:[0.04603123664855957, 0.04603123664855957, 0.04603123664855957, 0.04603123664855957, 0.04603123664855957, 0.04603123664855957, 0.04603123664855957, 0.04603123664855957, 0.04603123664855957, 0.04603123664855957, 0.04603123664855957, 0.04603123664855957, 0.04603123664855957, 0.04603123664855957, 0.04603123664855957, 0.04603123664855957, 0.04603123664855957, 0.04603123664855957, 0.04603123664855957, 0.04603123664855957, 0.04603123664855957, 0.04603123664855957, 0.04603123664855957, 0.04603123664855957, 0.04603123664855957, 0.04603123664855957, 0.04603123664855957, 0.04603123664855957, 0.04603123664855957, 0.04603123664855957, 0.04603123664855957, 0.04603123664855957, 0.04603123664855957, 0.04603123664855957, 0.04603123664855957, 0.04603123664855957, 0.04603123664855957, 0.04603123664855957, 0.04603123664855957, 0.04603123664855957, 0.04603123664855957, 0.04603123664855957]
ttft:[25.07755184173584]
itl_4:0.042859106681810366
tpot:[0.045859575271606445, 0.045859575271606445, 0.045859575271606445, 0.045859575271606445]
ttft:[25.272236347198486]
itl_51:0.04295722209552856
tpot:[0.045868635177612305, 0.045868635177612305, 0.045868635177612305, 0.045868635177612305, 0.045868635177612305, 0.045868635177612305, 0.045868635177612305, 0.045868635177612305, 0.045868635177612305, 0.045868635177612305, 0.045868635177612305, 0.045868635177612305, 0.045868635177612305, 0.045868635177612305, 0.045868635177612305, 0.045868635177612305, 0.045868635177612305, 0.045868635177612305, 0.045868635177612305, 0.045868635177612305, 0.045868635177612305, 0.045868635177612305, 0.045868635177612305, 0.045868635177612305, 0.045868635177612305, 0.045868635177612305, 0.045868635177612305, 0.045868635177612305, 0.045868635177612305, 0.045868635177612305, 0.045868635177612305, 0.045868635177612305, 0.045868635177612305, 0.045868635177612305, 0.045868635177612305, 0.045868635177612305, 0.045868635177612305, 0.045868635177612305, 0.045868635177612305, 0.045868635177612305, 0.045868635177612305, 0.045868635177612305, 0.045868635177612305, 0.045868635177612305, 0.045868635177612305, 0.045868635177612305, 0.045868635177612305, 0.045868635177612305, 0.045868635177612305]
ttft:[25.976547718048096]
itl_63:0.04302400169950543
tpot:[0.0460820198059082, 0.0460820198059082, 0.0460820198059082, 0.0460820198059082, 0.0460820198059082, 0.0460820198059082, 0.0460820198059082, 0.0460820198059082, 0.0460820198059082, 0.0460820198059082, 0.0460820198059082, 0.0460820198059082, 0.0460820198059082, 0.0460820198059082, 0.0460820198059082, 0.0460820198059082, 0.0460820198059082, 0.0460820198059082, 0.0460820198059082, 0.0460820198059082, 0.0460820198059082, 0.0460820198059082, 0.0460820198059082, 0.0460820198059082, 0.0460820198059082, 0.0460820198059082, 0.0460820198059082, 0.0460820198059082, 0.0460820198059082, 0.0460820198059082, 0.0460820198059082, 0.0460820198059082, 0.0460820198059082, 0.0460820198059082, 0.0460820198059082, 0.0460820198059082, 0.0460820198059082, 0.0460820198059082, 0.0460820198059082, 0.0460820198059082, 0.0460820198059082, 0.0460820198059082, 0.0460820198059082, 0.0460820198059082, 0.0460820198059082, 0.0460820198059082, 0.0460820198059082, 0.0460820198059082, 0.0460820198059082, 0.0460820198059082, 0.0460820198059082, 0.0460820198059082, 0.0460820198059082, 0.0460820198059082, 0.0460820198059082, 0.0460820198059082, 0.0460820198059082, 0.0460820198059082, 0.0460820198059082, 0.0460820198059082]
ttft:[26.358227968215942]
itl_79:0.04312428504179656
tpot:[0.04632115364074707, 0.04632115364074707, 0.04632115364074707, 0.04632115364074707, 0.04632115364074707, 0.04632115364074707, 0.04632115364074707, 0.04632115364074707, 0.04632115364074707, 0.04632115364074707, 0.04632115364074707, 0.04632115364074707, 0.04632115364074707, 0.04632115364074707, 0.04632115364074707, 0.04632115364074707, 0.04632115364074707, 0.04632115364074707, 0.04632115364074707, 0.04632115364074707, 0.04632115364074707, 0.04632115364074707, 0.04632115364074707, 0.04632115364074707, 0.04632115364074707, 0.04632115364074707, 0.04632115364074707, 0.04632115364074707, 0.04632115364074707, 0.04632115364074707, 0.04632115364074707, 0.04632115364074707, 0.04632115364074707, 0.04632115364074707, 0.04632115364074707, 0.04632115364074707, 0.04632115364074707, 0.04632115364074707, 0.04632115364074707, 0.04632115364074707, 0.04632115364074707, 0.04632115364074707, 0.04632115364074707, 0.04632115364074707, 0.04632115364074707, 0.04632115364074707, 0.04632115364074707, 0.04632115364074707, 0.04632115364074707, 0.04632115364074707, 0.04632115364074707, 0.04632115364074707, 0.04632115364074707, 0.04632115364074707, 0.04632115364074707, 0.04632115364074707, 0.04632115364074707, 0.04632115364074707, 0.04632115364074707, 0.04632115364074707, 0.04632115364074707, 0.04632115364074707, 0.04632115364074707, 0.04632115364074707, 0.04632115364074707, 0.04632115364074707, 0.04632115364074707, 0.04632115364074707, 0.04632115364074707, 0.04632115364074707, 0.04632115364074707, 0.04632115364074707, 0.04632115364074707, 0.04632115364074707]
ttft:[27.06302285194397]
itl_44:0.04316575414399339
tpot:[0.04620027542114258, 0.04620027542114258, 0.04620027542114258, 0.04620027542114258, 0.04620027542114258, 0.04620027542114258, 0.04620027542114258, 0.04620027542114258, 0.04620027542114258, 0.04620027542114258, 0.04620027542114258, 0.04620027542114258, 0.04620027542114258, 0.04620027542114258, 0.04620027542114258, 0.04620027542114258, 0.04620027542114258, 0.04620027542114258, 0.04620027542114258, 0.04620027542114258, 0.04620027542114258, 0.04620027542114258, 0.04620027542114258, 0.04620027542114258, 0.04620027542114258, 0.04620027542114258, 0.04620027542114258, 0.04620027542114258, 0.04620027542114258, 0.04620027542114258, 0.04620027542114258, 0.04620027542114258, 0.04620027542114258, 0.04620027542114258, 0.04620027542114258, 0.04620027542114258, 0.04620027542114258, 0.04620027542114258, 0.04620027542114258, 0.04620027542114258, 0.04620027542114258, 0.04620027542114258]
ttft:[27.263118743896484]
itl_54:0.043216863882194444
tpot:[0.04721236228942871, 0.04721236228942871, 0.04721236228942871, 0.04721236228942871, 0.04721236228942871, 0.04721236228942871, 0.04721236228942871, 0.04721236228942871, 0.04721236228942871, 0.04721236228942871, 0.04721236228942871, 0.04721236228942871, 0.04721236228942871, 0.04721236228942871, 0.04721236228942871, 0.04721236228942871, 0.04721236228942871, 0.04721236228942871, 0.04721236228942871, 0.04721236228942871, 0.04721236228942871, 0.04721236228942871, 0.04721236228942871, 0.04721236228942871, 0.04721236228942871, 0.04721236228942871, 0.04721236228942871, 0.04721236228942871, 0.04721236228942871, 0.04721236228942871, 0.04721236228942871, 0.04721236228942871, 0.04721236228942871, 0.04721236228942871, 0.04721236228942871, 0.04721236228942871, 0.04721236228942871, 0.04721236228942871, 0.04721236228942871, 0.04721236228942871, 0.04721236228942871, 0.04721236228942871, 0.04721236228942871, 0.04721236228942871, 0.04721236228942871, 0.04721236228942871, 0.04721236228942871, 0.04721236228942871, 0.04721236228942871, 0.04721236228942871]
ttft:[27.51144051551819]
itl_67:0.04325627013681015
tpot:[0.04561209678649902, 0.04561209678649902, 0.04561209678649902, 0.04561209678649902, 0.04561209678649902, 0.04561209678649902, 0.04561209678649902, 0.04561209678649902, 0.04561209678649902, 0.04561209678649902, 0.04561209678649902, 0.04561209678649902, 0.04561209678649902, 0.04561209678649902, 0.04561209678649902, 0.04561209678649902, 0.04561209678649902, 0.04561209678649902, 0.04561209678649902, 0.04561209678649902, 0.04561209678649902, 0.04561209678649902, 0.04561209678649902, 0.04561209678649902, 0.04561209678649902, 0.04561209678649902, 0.04561209678649902, 0.04561209678649902, 0.04561209678649902, 0.04561209678649902, 0.04561209678649902, 0.04561209678649902, 0.04561209678649902, 0.04561209678649902, 0.04561209678649902, 0.04561209678649902, 0.04561209678649902, 0.04561209678649902, 0.04561209678649902, 0.04561209678649902, 0.04561209678649902, 0.04561209678649902, 0.04561209678649902, 0.04561209678649902, 0.04561209678649902, 0.04561209678649902, 0.04561209678649902, 0.04561209678649902, 0.04561209678649902, 0.04561209678649902, 0.04561209678649902, 0.04561209678649902, 0.04561209678649902, 0.04561209678649902, 0.04561209678649902, 0.04561209678649902, 0.04561209678649902, 0.04561209678649902, 0.04561209678649902, 0.04561209678649902, 0.04561209678649902]
itl_35:0.04326002659138376
tpot:[0.050783634185791016, 0.050783634185791016, 0.050783634185791016, 0.050783634185791016, 0.050783634185791016, 0.050783634185791016, 0.050783634185791016, 0.050783634185791016, 0.050783634185791016, 0.050783634185791016, 0.050783634185791016, 0.050783634185791016, 0.050783634185791016, 0.050783634185791016, 0.050783634185791016, 0.050783634185791016, 0.050783634185791016, 0.050783634185791016, 0.050783634185791016, 0.050783634185791016, 0.050783634185791016, 0.050783634185791016, 0.050783634185791016, 0.050783634185791016, 0.050783634185791016, 0.050783634185791016, 0.050783634185791016, 0.050783634185791016, 0.050783634185791016, 0.050783634185791016, 0.050783634185791016, 0.050783634185791016, 0.050783634185791016, 0.050783634185791016]
ttft:[27.664387941360474]
ttft:[27.669768571853638]
itl_0:0.04331445123590351
tpot:[0.0459139347076416]
ttft:[27.957812070846558]
itl_27:0.0433531336474532
tpot:[0.046039581298828125, 0.046039581298828125, 0.046039581298828125, 0.046039581298828125, 0.046039581298828125, 0.046039581298828125, 0.046039581298828125, 0.046039581298828125, 0.046039581298828125, 0.046039581298828125, 0.046039581298828125, 0.046039581298828125, 0.046039581298828125, 0.046039581298828125, 0.046039581298828125, 0.046039581298828125, 0.046039581298828125, 0.046039581298828125, 0.046039581298828125, 0.046039581298828125, 0.046039581298828125, 0.046039581298828125, 0.046039581298828125, 0.046039581298828125, 0.046039581298828125]
ttft:[28.156306982040405]
itl_50:0.04338838324561856
tpot:[0.04554319381713867, 0.04554319381713867, 0.04554319381713867, 0.04554319381713867, 0.04554319381713867, 0.04554319381713867, 0.04554319381713867, 0.04554319381713867, 0.04554319381713867, 0.04554319381713867, 0.04554319381713867, 0.04554319381713867, 0.04554319381713867, 0.04554319381713867, 0.04554319381713867, 0.04554319381713867, 0.04554319381713867, 0.04554319381713867, 0.04554319381713867, 0.04554319381713867, 0.04554319381713867, 0.04554319381713867, 0.04554319381713867, 0.04554319381713867, 0.04554319381713867, 0.04554319381713867, 0.04554319381713867, 0.04554319381713867, 0.04554319381713867, 0.04554319381713867, 0.04554319381713867, 0.04554319381713867, 0.04554319381713867, 0.04554319381713867, 0.04554319381713867, 0.04554319381713867, 0.04554319381713867, 0.04554319381713867, 0.04554319381713867, 0.04554319381713867, 0.04554319381713867, 0.04554319381713867, 0.04554319381713867, 0.04554319381713867]
ttft:[28.30373454093933]
itl_37:0.0434132806909909
tpot:[0.05203390121459961, 0.05203390121459961, 0.05203390121459961, 0.05203390121459961, 0.05203390121459961, 0.05203390121459961, 0.05203390121459961, 0.05203390121459961, 0.05203390121459961, 0.05203390121459961, 0.05203390121459961, 0.05203390121459961, 0.05203390121459961, 0.05203390121459961, 0.05203390121459961, 0.05203390121459961, 0.05203390121459961, 0.05203390121459961, 0.05203390121459961, 0.05203390121459961, 0.05203390121459961, 0.05203390121459961, 0.05203390121459961, 0.05203390121459961, 0.05203390121459961, 0.05203390121459961, 0.05203390121459961, 0.05203390121459961, 0.05203390121459961, 0.05203390121459961, 0.05203390121459961, 0.05203390121459961, 0.05203390121459961]
itl_55:0.04341656446831193
itl_74:0.04341656446831193
tpot:[0.05126762390136719, 0.05126762390136719, 0.05126762390136719, 0.05126762390136719, 0.05126762390136719, 0.05126762390136719, 0.05126762390136719, 0.05126762390136719, 0.05126762390136719, 0.05126762390136719, 0.05126762390136719, 0.05126762390136719, 0.05126762390136719, 0.05126762390136719, 0.05126762390136719, 0.05126762390136719, 0.05126762390136719, 0.05126762390136719, 0.05126762390136719, 0.05126762390136719, 0.05126762390136719, 0.05126762390136719, 0.05126762390136719, 0.05126762390136719, 0.05126762390136719, 0.05126762390136719, 0.05126762390136719, 0.05126762390136719, 0.05126762390136719, 0.05126762390136719, 0.05126762390136719, 0.05126762390136719, 0.05126762390136719, 0.05126762390136719, 0.05126762390136719, 0.05126762390136719, 0.05126762390136719, 0.05126762390136719, 0.05126762390136719, 0.05126762390136719, 0.05126762390136719, 0.05126762390136719, 0.05126762390136719, 0.05126762390136719, 0.05126762390136719]
tpot:[0.05126762390136719, 0.05126762390136719, 0.05126762390136719, 0.05126762390136719, 0.05126762390136719, 0.05126762390136719, 0.05126762390136719, 0.05126762390136719, 0.05126762390136719, 0.05126762390136719, 0.05126762390136719, 0.05126762390136719, 0.05126762390136719, 0.05126762390136719, 0.05126762390136719, 0.05126762390136719, 0.05126762390136719, 0.05126762390136719, 0.05126762390136719, 0.05126762390136719, 0.05126762390136719, 0.05126762390136719, 0.05126762390136719, 0.05126762390136719, 0.05126762390136719, 0.05126762390136719, 0.05126762390136719, 0.05126762390136719, 0.05126762390136719, 0.05126762390136719, 0.05126762390136719, 0.05126762390136719, 0.05126762390136719, 0.05126762390136719, 0.05126762390136719, 0.05126762390136719, 0.05126762390136719, 0.05126762390136719, 0.05126762390136719, 0.05126762390136719, 0.05126762390136719, 0.05126762390136719, 0.05126762390136719, 0.05126762390136719, 0.05126762390136719, 0.05126762390136719, 0.05126762390136719, 0.05126762390136719, 0.05126762390136719, 0.05126762390136719, 0.05126762390136719, 0.05126762390136719, 0.05126762390136719, 0.05126762390136719, 0.05126762390136719, 0.05126762390136719, 0.05126762390136719, 0.05126762390136719, 0.05126762390136719, 0.05126762390136719, 0.05126762390136719, 0.05126762390136719]
ttft:[28.419131755828857]
ttft:[28.426177501678467, 28.42595362663269]
itl_14:0.04346755343171123
tpot:[0.0702517032623291, 0.0702517032623291, 0.0702517032623291, 0.0702517032623291, 0.0702517032623291, 0.0702517032623291, 0.0702517032623291, 0.0702517032623291, 0.0702517032623291, 0.0702517032623291, 0.0702517032623291, 0.0702517032623291]
ttft:[28.528992414474487]
itl_34:0.04349562641982913
tpot:[0.04512524604797363, 0.04512524604797363, 0.04512524604797363, 0.04512524604797363, 0.04512524604797363, 0.04512524604797363, 0.04512524604797363, 0.04512524604797363, 0.04512524604797363, 0.04512524604797363, 0.04512524604797363, 0.04512524604797363, 0.04512524604797363, 0.04512524604797363, 0.04512524604797363, 0.04512524604797363, 0.04512524604797363, 0.04512524604797363, 0.04512524604797363, 0.04512524604797363, 0.04512524604797363, 0.04512524604797363, 0.04512524604797363, 0.04512524604797363, 0.04512524604797363, 0.04512524604797363, 0.04512524604797363, 0.04512524604797363, 0.04512524604797363, 0.04512524604797363]
ttft:[28.67604923248291]
itl_10:0.04352882402969219
tpot:[0.045291900634765625, 0.045291900634765625, 0.045291900634765625, 0.045291900634765625, 0.045291900634765625, 0.045291900634765625, 0.045291900634765625, 0.045291900634765625]
itl_68:0.043531229175408435
tpot:[0.05167126655578613, 0.05167126655578613, 0.05167126655578613, 0.05167126655578613, 0.05167126655578613, 0.05167126655578613, 0.05167126655578613, 0.05167126655578613, 0.05167126655578613, 0.05167126655578613, 0.05167126655578613, 0.05167126655578613, 0.05167126655578613, 0.05167126655578613, 0.05167126655578613, 0.05167126655578613, 0.05167126655578613, 0.05167126655578613, 0.05167126655578613, 0.05167126655578613, 0.05167126655578613, 0.05167126655578613, 0.05167126655578613, 0.05167126655578613, 0.05167126655578613, 0.05167126655578613, 0.05167126655578613, 0.05167126655578613, 0.05167126655578613, 0.05167126655578613, 0.05167126655578613, 0.05167126655578613, 0.05167126655578613, 0.05167126655578613, 0.05167126655578613, 0.05167126655578613, 0.05167126655578613, 0.05167126655578613, 0.05167126655578613, 0.05167126655578613, 0.05167126655578613, 0.05167126655578613, 0.05167126655578613, 0.05167126655578613, 0.05167126655578613, 0.05167126655578613, 0.05167126655578613, 0.05167126655578613, 0.05167126655578613, 0.05167126655578613, 0.05167126655578613, 0.05167126655578613]
ttft:[28.918935775756836]
ttft:[28.923396348953247]
itl_5:0.0435692442380465
itl_48:0.0435692442380465
itl_60:0.0435692442380465
tpot:[0.04483962059020996, 0.04483962059020996, 0.04483962059020996]
tpot:[0.04483962059020996, 0.04483962059020996, 0.04483962059020996, 0.04483962059020996, 0.04483962059020996, 0.04483962059020996, 0.04483962059020996, 0.04483962059020996, 0.04483962059020996, 0.04483962059020996, 0.04483962059020996, 0.04483962059020996, 0.04483962059020996, 0.04483962059020996, 0.04483962059020996, 0.04483962059020996, 0.04483962059020996, 0.04483962059020996, 0.04483962059020996, 0.04483962059020996, 0.04483962059020996, 0.04483962059020996, 0.04483962059020996, 0.04483962059020996, 0.04483962059020996, 0.04483962059020996, 0.04483962059020996, 0.04483962059020996, 0.04483962059020996, 0.04483962059020996, 0.04483962059020996, 0.04483962059020996, 0.04483962059020996, 0.04483962059020996, 0.04483962059020996, 0.04483962059020996, 0.04483962059020996, 0.04483962059020996]
tpot:[0.04483962059020996, 0.04483962059020996, 0.04483962059020996, 0.04483962059020996, 0.04483962059020996, 0.04483962059020996, 0.04483962059020996, 0.04483962059020996, 0.04483962059020996, 0.04483962059020996, 0.04483962059020996, 0.04483962059020996, 0.04483962059020996, 0.04483962059020996, 0.04483962059020996, 0.04483962059020996, 0.04483962059020996, 0.04483962059020996, 0.04483962059020996, 0.04483962059020996, 0.04483962059020996, 0.04483962059020996, 0.04483962059020996, 0.04483962059020996, 0.04483962059020996, 0.04483962059020996, 0.04483962059020996, 0.04483962059020996, 0.04483962059020996, 0.04483962059020996, 0.04483962059020996, 0.04483962059020996, 0.04483962059020996, 0.04483962059020996, 0.04483962059020996, 0.04483962059020996, 0.04483962059020996, 0.04483962059020996, 0.04483962059020996, 0.04483962059020996, 0.04483962059020996, 0.04483962059020996, 0.04483962059020996, 0.04483962059020996, 0.04483962059020996, 0.04483962059020996]
itl_17:0.0435713077287337
tpot:[0.06261396408081055, 0.06261396408081055, 0.06261396408081055, 0.06261396408081055, 0.06261396408081055, 0.06261396408081055, 0.06261396408081055, 0.06261396408081055, 0.06261396408081055, 0.06261396408081055, 0.06261396408081055, 0.06261396408081055]
ttft:[29.13058304786682, 29.13035535812378, 29.130183458328247]
ttft:[29.135846376419067]
itl_25:0.04363102992860282
itl_30:0.04363102992860282
itl_33:0.04363102992860282
itl_52:0.04363102992860282
tpot:[0.04469418525695801, 0.04469418525695801, 0.04469418525695801, 0.04469418525695801, 0.04469418525695801, 0.04469418525695801, 0.04469418525695801, 0.04469418525695801, 0.04469418525695801, 0.04469418525695801, 0.04469418525695801, 0.04469418525695801, 0.04469418525695801, 0.04469418525695801, 0.04469418525695801, 0.04469418525695801, 0.04469418525695801, 0.04469418525695801, 0.04469418525695801]
tpot:[0.04469418525695801, 0.04469418525695801, 0.04469418525695801, 0.04469418525695801, 0.04469418525695801, 0.04469418525695801, 0.04469418525695801, 0.04469418525695801, 0.04469418525695801, 0.04469418525695801, 0.04469418525695801, 0.04469418525695801, 0.04469418525695801, 0.04469418525695801, 0.04469418525695801, 0.04469418525695801, 0.04469418525695801, 0.04469418525695801, 0.04469418525695801, 0.04469418525695801, 0.04469418525695801, 0.04469418525695801, 0.04469418525695801]
tpot:[0.04469418525695801, 0.04469418525695801, 0.04469418525695801, 0.04469418525695801, 0.04469418525695801, 0.04469418525695801, 0.04469418525695801, 0.04469418525695801, 0.04469418525695801, 0.04469418525695801, 0.04469418525695801, 0.04469418525695801, 0.04469418525695801, 0.04469418525695801, 0.04469418525695801, 0.04469418525695801, 0.04469418525695801, 0.04469418525695801, 0.04469418525695801, 0.04469418525695801, 0.04469418525695801, 0.04469418525695801, 0.04469418525695801, 0.04469418525695801, 0.04469418525695801, 0.04469418525695801]
tpot:[0.04469418525695801, 0.04469418525695801, 0.04469418525695801, 0.04469418525695801, 0.04469418525695801, 0.04469418525695801, 0.04469418525695801, 0.04469418525695801, 0.04469418525695801, 0.04469418525695801, 0.04469418525695801, 0.04469418525695801, 0.04469418525695801, 0.04469418525695801, 0.04469418525695801, 0.04469418525695801, 0.04469418525695801, 0.04469418525695801, 0.04469418525695801, 0.04469418525695801, 0.04469418525695801, 0.04469418525695801, 0.04469418525695801, 0.04469418525695801, 0.04469418525695801, 0.04469418525695801, 0.04469418525695801, 0.04469418525695801, 0.04469418525695801, 0.04469418525695801, 0.04469418525695801, 0.04469418525695801, 0.04469418525695801, 0.04469418525695801, 0.04469418525695801, 0.04469418525695801, 0.04469418525695801]
itl_69:0.04363188750849104
itl_75:0.04363188750849104
tpot:[0.06891751289367676, 0.06891751289367676, 0.06891751289367676, 0.06891751289367676, 0.06891751289367676, 0.06891751289367676, 0.06891751289367676, 0.06891751289367676, 0.06891751289367676, 0.06891751289367676, 0.06891751289367676, 0.06891751289367676, 0.06891751289367676, 0.06891751289367676, 0.06891751289367676, 0.06891751289367676, 0.06891751289367676, 0.06891751289367676, 0.06891751289367676, 0.06891751289367676, 0.06891751289367676, 0.06891751289367676, 0.06891751289367676, 0.06891751289367676, 0.06891751289367676, 0.06891751289367676, 0.06891751289367676, 0.06891751289367676, 0.06891751289367676, 0.06891751289367676, 0.06891751289367676, 0.06891751289367676, 0.06891751289367676, 0.06891751289367676, 0.06891751289367676, 0.06891751289367676, 0.06891751289367676, 0.06891751289367676, 0.06891751289367676, 0.06891751289367676, 0.06891751289367676, 0.06891751289367676, 0.06891751289367676, 0.06891751289367676]
tpot:[0.06891751289367676, 0.06891751289367676, 0.06891751289367676, 0.06891751289367676, 0.06891751289367676, 0.06891751289367676, 0.06891751289367676, 0.06891751289367676, 0.06891751289367676, 0.06891751289367676, 0.06891751289367676, 0.06891751289367676, 0.06891751289367676, 0.06891751289367676, 0.06891751289367676, 0.06891751289367676, 0.06891751289367676, 0.06891751289367676, 0.06891751289367676, 0.06891751289367676, 0.06891751289367676, 0.06891751289367676, 0.06891751289367676, 0.06891751289367676, 0.06891751289367676, 0.06891751289367676, 0.06891751289367676, 0.06891751289367676, 0.06891751289367676, 0.06891751289367676, 0.06891751289367676, 0.06891751289367676, 0.06891751289367676, 0.06891751289367676, 0.06891751289367676, 0.06891751289367676, 0.06891751289367676, 0.06891751289367676, 0.06891751289367676, 0.06891751289367676, 0.06891751289367676, 0.06891751289367676, 0.06891751289367676, 0.06891751289367676, 0.06891751289367676, 0.06891751289367676, 0.06891751289367676, 0.06891751289367676, 0.06891751289367676]
ttft:[29.44371485710144, 29.443464279174805, 29.443217754364014, 29.443025827407837]
ttft:[29.44910955429077, 29.448919773101807]
itl_24:0.04370313864710845
tpot:[0.06565594673156738, 0.06565594673156738, 0.06565594673156738, 0.06565594673156738, 0.06565594673156738, 0.06565594673156738, 0.06565594673156738, 0.06565594673156738, 0.06565594673156738, 0.06565594673156738, 0.06565594673156738, 0.06565594673156738, 0.06565594673156738, 0.06565594673156738, 0.06565594673156738, 0.06565594673156738, 0.06565594673156738, 0.06565594673156738]
itl_6:0.043702854553014266
itl_73:0.043702854553014266
tpot:[0.048551082611083984, 0.048551082611083984, 0.048551082611083984]
tpot:[0.048551082611083984, 0.048551082611083984, 0.048551082611083984, 0.048551082611083984, 0.048551082611083984, 0.048551082611083984, 0.048551082611083984, 0.048551082611083984, 0.048551082611083984, 0.048551082611083984, 0.048551082611083984, 0.048551082611083984, 0.048551082611083984, 0.048551082611083984, 0.048551082611083984, 0.048551082611083984, 0.048551082611083984, 0.048551082611083984, 0.048551082611083984, 0.048551082611083984, 0.048551082611083984, 0.048551082611083984, 0.048551082611083984, 0.048551082611083984, 0.048551082611083984, 0.048551082611083984, 0.048551082611083984, 0.048551082611083984, 0.048551082611083984, 0.048551082611083984, 0.048551082611083984, 0.048551082611083984, 0.048551082611083984, 0.048551082611083984, 0.048551082611083984, 0.048551082611083984, 0.048551082611083984, 0.048551082611083984, 0.048551082611083984, 0.048551082611083984, 0.048551082611083984, 0.048551082611083984, 0.048551082611083984, 0.048551082611083984, 0.048551082611083984, 0.048551082611083984]
ttft:[29.556432008743286]
ttft:[29.562340259552002, 29.562148332595825]
itl_39:0.043743514653408165
itl_45:0.043743514653408165
tpot:[0.06659150123596191, 0.06659150123596191, 0.06659150123596191, 0.06659150123596191, 0.06659150123596191, 0.06659150123596191, 0.06659150123596191, 0.06659150123596191, 0.06659150123596191, 0.06659150123596191, 0.06659150123596191, 0.06659150123596191, 0.06659150123596191, 0.06659150123596191, 0.06659150123596191, 0.06659150123596191, 0.06659150123596191, 0.06659150123596191, 0.06659150123596191, 0.06659150123596191, 0.06659150123596191, 0.06659150123596191, 0.06659150123596191, 0.06659150123596191]
tpot:[0.06659150123596191, 0.06659150123596191, 0.06659150123596191, 0.06659150123596191, 0.06659150123596191, 0.06659150123596191, 0.06659150123596191, 0.06659150123596191, 0.06659150123596191, 0.06659150123596191, 0.06659150123596191, 0.06659150123596191, 0.06659150123596191, 0.06659150123596191, 0.06659150123596191, 0.06659150123596191, 0.06659150123596191, 0.06659150123596191, 0.06659150123596191, 0.06659150123596191, 0.06659150123596191, 0.06659150123596191, 0.06659150123596191, 0.06659150123596191, 0.06659150123596191, 0.06659150123596191, 0.06659150123596191, 0.06659150123596191]
itl_2:0.04374438623437001
tpot:[0.05639910697937012, 0.05639910697937012]
ttft:[29.675065994262695, 29.674865007400513]
ttft:[29.68104314804077]
itl_18:0.04379244189247984
itl_49:0.04379244189247984
itl_58:0.04379244189247984
tpot:[0.062296152114868164, 0.062296152114868164, 0.062296152114868164, 0.062296152114868164, 0.062296152114868164, 0.062296152114868164, 0.062296152114868164, 0.062296152114868164, 0.062296152114868164, 0.062296152114868164]
tpot:[0.062296152114868164, 0.062296152114868164, 0.062296152114868164, 0.062296152114868164, 0.062296152114868164, 0.062296152114868164, 0.062296152114868164, 0.062296152114868164, 0.062296152114868164, 0.062296152114868164, 0.062296152114868164, 0.062296152114868164, 0.062296152114868164, 0.062296152114868164, 0.062296152114868164, 0.062296152114868164, 0.062296152114868164, 0.062296152114868164, 0.062296152114868164, 0.062296152114868164, 0.062296152114868164, 0.062296152114868164, 0.062296152114868164, 0.062296152114868164, 0.062296152114868164, 0.062296152114868164, 0.062296152114868164, 0.062296152114868164]
tpot:[0.062296152114868164, 0.062296152114868164, 0.062296152114868164, 0.062296152114868164, 0.062296152114868164, 0.062296152114868164, 0.062296152114868164, 0.062296152114868164, 0.062296152114868164, 0.062296152114868164, 0.062296152114868164, 0.062296152114868164, 0.062296152114868164, 0.062296152114868164, 0.062296152114868164, 0.062296152114868164, 0.062296152114868164, 0.062296152114868164, 0.062296152114868164, 0.062296152114868164, 0.062296152114868164, 0.062296152114868164, 0.062296152114868164, 0.062296152114868164, 0.062296152114868164, 0.062296152114868164, 0.062296152114868164, 0.062296152114868164, 0.062296152114868164, 0.062296152114868164, 0.062296152114868164, 0.062296152114868164]
itl_40:0.04379053568947908
tpot:[0.06396365165710449, 0.06396365165710449, 0.06396365165710449, 0.06396365165710449, 0.06396365165710449, 0.06396365165710449, 0.06396365165710449, 0.06396365165710449, 0.06396365165710449, 0.06396365165710449, 0.06396365165710449, 0.06396365165710449, 0.06396365165710449, 0.06396365165710449, 0.06396365165710449, 0.06396365165710449, 0.06396365165710449, 0.06396365165710449, 0.06396365165710449, 0.06396365165710449, 0.06396365165710449, 0.06396365165710449]
ttft:[29.799964427947998, 29.799712657928467, 29.799532890319824]
ttft:[29.80625057220459]
itl_15:0.04384776231754257
itl_41:0.04384776231754257
itl_47:0.04384776231754257
itl_65:0.04384776231754257
tpot:[0.060340166091918945, 0.060340166091918945, 0.060340166091918945, 0.060340166091918945, 0.060340166091918945, 0.060340166091918945, 0.060340166091918945, 0.060340166091918945]
tpot:[0.060340166091918945, 0.060340166091918945, 0.060340166091918945, 0.060340166091918945, 0.060340166091918945, 0.060340166091918945, 0.060340166091918945, 0.060340166091918945, 0.060340166091918945, 0.060340166091918945, 0.060340166091918945, 0.060340166091918945, 0.060340166091918945, 0.060340166091918945, 0.060340166091918945, 0.060340166091918945, 0.060340166091918945, 0.060340166091918945, 0.060340166091918945, 0.060340166091918945, 0.060340166091918945, 0.060340166091918945]
tpot:[0.060340166091918945, 0.060340166091918945, 0.060340166091918945, 0.060340166091918945, 0.060340166091918945, 0.060340166091918945, 0.060340166091918945, 0.060340166091918945, 0.060340166091918945, 0.060340166091918945, 0.060340166091918945, 0.060340166091918945, 0.060340166091918945, 0.060340166091918945, 0.060340166091918945, 0.060340166091918945, 0.060340166091918945, 0.060340166091918945, 0.060340166091918945, 0.060340166091918945, 0.060340166091918945, 0.060340166091918945, 0.060340166091918945, 0.060340166091918945, 0.060340166091918945]
tpot:[0.060340166091918945, 0.060340166091918945, 0.060340166091918945, 0.060340166091918945, 0.060340166091918945, 0.060340166091918945, 0.060340166091918945, 0.060340166091918945, 0.060340166091918945, 0.060340166091918945, 0.060340166091918945, 0.060340166091918945, 0.060340166091918945, 0.060340166091918945, 0.060340166091918945, 0.060340166091918945, 0.060340166091918945, 0.060340166091918945, 0.060340166091918945, 0.060340166091918945, 0.060340166091918945, 0.060340166091918945, 0.060340166091918945, 0.060340166091918945, 0.060340166091918945, 0.060340166091918945, 0.060340166091918945, 0.060340166091918945, 0.060340166091918945, 0.060340166091918945, 0.060340166091918945, 0.060340166091918945, 0.060340166091918945]
itl_26:0.043845199642324806
itl_31:0.043845199642324806
itl_59:0.043845199642324806
tpot:[0.07237815856933594, 0.07237815856933594, 0.07237815856933594, 0.07237815856933594, 0.07237815856933594, 0.07237815856933594, 0.07237815856933594, 0.07237815856933594, 0.07237815856933594, 0.07237815856933594, 0.07237815856933594, 0.07237815856933594, 0.07237815856933594, 0.07237815856933594]
tpot:[0.07237815856933594, 0.07237815856933594, 0.07237815856933594, 0.07237815856933594, 0.07237815856933594, 0.07237815856933594, 0.07237815856933594, 0.07237815856933594, 0.07237815856933594, 0.07237815856933594, 0.07237815856933594, 0.07237815856933594, 0.07237815856933594, 0.07237815856933594, 0.07237815856933594, 0.07237815856933594, 0.07237815856933594]
tpot:[0.07237815856933594, 0.07237815856933594, 0.07237815856933594, 0.07237815856933594, 0.07237815856933594, 0.07237815856933594, 0.07237815856933594, 0.07237815856933594, 0.07237815856933594, 0.07237815856933594, 0.07237815856933594, 0.07237815856933594, 0.07237815856933594, 0.07237815856933594, 0.07237815856933594, 0.07237815856933594, 0.07237815856933594, 0.07237815856933594, 0.07237815856933594, 0.07237815856933594, 0.07237815856933594, 0.07237815856933594, 0.07237815856933594, 0.07237815856933594, 0.07237815856933594, 0.07237815856933594]
ttft:[29.949146270751953, 29.94888973236084, 29.948609590530396, 29.948429346084595]
ttft:[29.954105377197266, 29.95392870903015, 29.953653573989868]
itl_1:0.04393924356580855
tpot:[0.0763099193572998]
itl_8:0.043935931247213615
itl_11:0.043935931247213615
itl_21:0.043935931247213615
itl_62:0.043935931247213615
tpot:[0.05104970932006836, 0.05104970932006836]
tpot:[0.05104970932006836, 0.05104970932006836, 0.05104970932006836, 0.05104970932006836]
tpot:[0.05104970932006836, 0.05104970932006836, 0.05104970932006836, 0.05104970932006836, 0.05104970932006836, 0.05104970932006836, 0.05104970932006836, 0.05104970932006836, 0.05104970932006836, 0.05104970932006836]
tpot:[0.05104970932006836, 0.05104970932006836, 0.05104970932006836, 0.05104970932006836, 0.05104970932006836, 0.05104970932006836, 0.05104970932006836, 0.05104970932006836, 0.05104970932006836, 0.05104970932006836, 0.05104970932006836, 0.05104970932006836, 0.05104970932006836, 0.05104970932006836, 0.05104970932006836, 0.05104970932006836, 0.05104970932006836, 0.05104970932006836, 0.05104970932006836, 0.05104970932006836, 0.05104970932006836, 0.05104970932006836, 0.05104970932006836, 0.05104970932006836]
ttft:[30.08278799057007]
ttft:[30.089289665222168, 30.089128732681274, 30.08898639678955, 30.088666200637817]
itl_28:0.04401059100727835
itl_61:0.04401059100727835
tpot:[0.08449912071228027, 0.08449912071228027, 0.08449912071228027, 0.08449912071228027, 0.08449912071228027, 0.08449912071228027, 0.08449912071228027, 0.08449912071228027, 0.08449912071228027, 0.08449912071228027]
tpot:[0.08449912071228027, 0.08449912071228027, 0.08449912071228027, 0.08449912071228027, 0.08449912071228027, 0.08449912071228027, 0.08449912071228027, 0.08449912071228027, 0.08449912071228027, 0.08449912071228027, 0.08449912071228027, 0.08449912071228027, 0.08449912071228027, 0.08449912071228027, 0.08449912071228027, 0.08449912071228027, 0.08449912071228027, 0.08449912071228027, 0.08449912071228027, 0.08449912071228027]
itl_7:0.04400662741497137
itl_72:0.04400662741497137
tpot:[0.05561995506286621]
tpot:[0.05561995506286621, 0.05561995506286621, 0.05561995506286621, 0.05561995506286621, 0.05561995506286621, 0.05561995506286621, 0.05561995506286621, 0.05561995506286621, 0.05561995506286621, 0.05561995506286621, 0.05561995506286621, 0.05561995506286621, 0.05561995506286621, 0.05561995506286621, 0.05561995506286621, 0.05561995506286621, 0.05561995506286621, 0.05561995506286621, 0.05561995506286621, 0.05561995506286621, 0.05561995506286621, 0.05561995506286621, 0.05561995506286621]
ttft:[30.204449892044067, 30.20414972305298]
ttft:[30.20988178253174, 30.209507942199707]
itl_19:0.04406147679286217
itl_64:0.04406147679286217
tpot:[0.06652474403381348, 0.06652474403381348, 0.06652474403381348, 0.06652474403381348, 0.06652474403381348]
tpot:[0.06652474403381348, 0.06652474403381348, 0.06652474403381348, 0.06652474403381348, 0.06652474403381348, 0.06652474403381348, 0.06652474403381348, 0.06652474403381348, 0.06652474403381348, 0.06652474403381348, 0.06652474403381348, 0.06652474403381348, 0.06652474403381348, 0.06652474403381348, 0.06652474403381348, 0.06652474403381348, 0.06652474403381348, 0.06652474403381348]
itl_16:0.04405736958749604
tpot:[0.05658221244812012, 0.05658221244812012, 0.05658221244812012, 0.05658221244812012]
ttft:[30.319363117218018, 30.319162130355835]
ttft:[30.324373722076416]
itl_13:0.04410185771329062
itl_77:0.04410185771329062
tpot:[0.05865478515625, 0.05865478515625, 0.05865478515625]
tpot:[0.05865478515625, 0.05865478515625, 0.05865478515625, 0.05865478515625, 0.05865478515625, 0.05865478515625, 0.05865478515625, 0.05865478515625, 0.05865478515625, 0.05865478515625, 0.05865478515625, 0.05865478515625, 0.05865478515625, 0.05865478515625, 0.05865478515625, 0.05865478515625, 0.05865478515625, 0.05865478515625, 0.05865478515625, 0.05865478515625]
itl_57:0.04409691341564524
tpot:[0.05613565444946289, 0.05613565444946289, 0.05613565444946289, 0.05613565444946289, 0.05613565444946289, 0.05613565444946289, 0.05613565444946289, 0.05613565444946289, 0.05613565444946289, 0.05613565444946289, 0.05613565444946289, 0.05613565444946289, 0.05613565444946289, 0.05613565444946289]
ttft:[30.432469129562378, 30.432276248931885]
ttft:[30.43725824356079]
itl_71:0.044133355176007305
tpot:[0.040427207946777344, 0.040427207946777344, 0.040427207946777344, 0.040427207946777344, 0.040427207946777344, 0.040427207946777344, 0.040427207946777344, 0.040427207946777344, 0.040427207946777344, 0.040427207946777344, 0.040427207946777344, 0.040427207946777344, 0.040427207946777344, 0.040427207946777344, 0.040427207946777344, 0.040427207946777344]
ttft:[30.573633432388306]
itl_12:0.044140604041670625
itl_22:0.044140604041670625
itl_56:0.044140604041670625
tpot:[0.04076409339904785, 0.04076409339904785]
tpot:[0.04076409339904785, 0.04076409339904785, 0.04076409339904785, 0.04076409339904785]
tpot:[0.04076409339904785, 0.04076409339904785, 0.04076409339904785, 0.04076409339904785, 0.04076409339904785, 0.04076409339904785, 0.04076409339904785, 0.04076409339904785, 0.04076409339904785, 0.04076409339904785, 0.04076409339904785, 0.04076409339904785, 0.04076409339904785]
itl_32:0.044135670247590596
itl_38:0.044135670247590596
itl_66:0.044135670247590596
tpot:[0.06231379508972168, 0.06231379508972168, 0.06231379508972168, 0.06231379508972168, 0.06231379508972168]
tpot:[0.06231379508972168, 0.06231379508972168, 0.06231379508972168, 0.06231379508972168, 0.06231379508972168, 0.06231379508972168, 0.06231379508972168]
tpot:[0.06231379508972168, 0.06231379508972168, 0.06231379508972168, 0.06231379508972168, 0.06231379508972168, 0.06231379508972168, 0.06231379508972168, 0.06231379508972168, 0.06231379508972168, 0.06231379508972168, 0.06231379508972168]
ttft:[30.742442846298218, 30.742175340652466, 30.741974592208862]
ttft:[30.74791693687439, 30.74771475791931, 30.7475266456604]
itl_53:0.044207022119970886
tpot:[0.07129836082458496, 0.07129836082458496, 0.07129836082458496, 0.07129836082458496, 0.07129836082458496, 0.07129836082458496, 0.07129836082458496, 0.07129836082458496]
ttft:[30.840439319610596]
itl_23:0.044214606634682574
tpot:[0.04674386978149414, 0.04674386978149414, 0.04674386978149414]
itl_20:0.04420836882919379
itl_29:0.04420836882919379
tpot:[0.04726910591125488, 0.04726910591125488]
tpot:[0.04726910591125488, 0.04726910591125488, 0.04726910591125488]
ttft:[30.944471836090088]
ttft:[30.950371742248535, 30.950228452682495]
itl_9:0.04423877757831211
itl_46:0.04423877757831211
tpot:[0.03961610794067383]
tpot:[0.03961610794067383, 0.03961610794067383, 0.03961610794067383, 0.03961610794067383]
itl_70:0.04423200562813539
tpot:[0.05345916748046875, 0.05345916748046875, 0.05345916748046875]
ttft:[31.093225955963135, 31.093069791793823]
ttft:[31.098143100738525]
itl_36:0.044268051089157705
tpot:[0.05517411231994629]
ttft:[31.193840742111206]
itl_43:0.04428110447954197
tpot:[0.051883697509765625]
ttft:[31.306490898132324]
itl_76:0.04430006111167038
tpot:[0.03973960876464844]
ttft:[31.47737693786621]
itl_140:0.04157286461952811
tpot:[0.042407989501953125, 0.042407989501953125, 0.042407989501953125, 0.042407989501953125, 0.042407989501953125, 0.042407989501953125, 0.042407989501953125, 0.042407989501953125, 0.042407989501953125, 0.042407989501953125, 0.042407989501953125, 0.042407989501953125, 0.042407989501953125, 0.042407989501953125, 0.042407989501953125, 0.042407989501953125, 0.042407989501953125, 0.042407989501953125, 0.042407989501953125, 0.042407989501953125, 0.042407989501953125, 0.042407989501953125, 0.042407989501953125, 0.042407989501953125, 0.042407989501953125, 0.042407989501953125, 0.042407989501953125, 0.042407989501953125, 0.042407989501953125, 0.042407989501953125, 0.042407989501953125, 0.042407989501953125, 0.042407989501953125, 0.042407989501953125, 0.042407989501953125, 0.042407989501953125, 0.042407989501953125, 0.042407989501953125, 0.042407989501953125, 0.042407989501953125, 0.042407989501953125, 0.042407989501953125, 0.042407989501953125, 0.042407989501953125, 0.042407989501953125, 0.042407989501953125, 0.042407989501953125, 0.042407989501953125, 0.042407989501953125, 0.042407989501953125, 0.042407989501953125, 0.042407989501953125, 0.042407989501953125, 0.042407989501953125, 0.042407989501953125, 0.042407989501953125, 0.042407989501953125, 0.042407989501953125, 0.042407989501953125, 0.042407989501953125, 0.042407989501953125]
itl_140:0.041576197324705515
itl_80:0.04469199756218673
tpot:[0.04357337951660156]
itl_81:0.04470429194101331
tpot:[0.043567657470703125]
itl_84:0.044150467669026236
tpot:[0.04590630531311035, 0.04590630531311035, 0.04590630531311035]
itl_86:0.04406032468605354
tpot:[0.0457916259765625, 0.0457916259765625, 0.0457916259765625, 0.0457916259765625]
itl_89:0.04397802042767284
tpot:[0.045678138732910156, 0.045678138732910156, 0.045678138732910156, 0.045678138732910156, 0.045678138732910156, 0.045678138732910156]
itl_90:0.04399034630867743
tpot:[0.045598745346069336, 0.045598745346069336, 0.045598745346069336, 0.045598745346069336, 0.045598745346069336, 0.045598745346069336]
itl_88:0.04404212869525526
tpot:[0.04591703414916992, 0.04591703414916992, 0.04591703414916992, 0.04591703414916992, 0.04591703414916992]
itl_82:0.044328848753631724
tpot:[0.04511404037475586]
itl_94:0.043864813297746254
tpot:[0.045301198959350586, 0.045301198959350586, 0.045301198959350586, 0.045301198959350586, 0.045301198959350586, 0.045301198959350586, 0.045301198959350586]
itl_83:0.044312484072942804
tpot:[0.045213937759399414]
itl_135:0.043226119438673154
tpot:[0.04492974281311035, 0.04492974281311035, 0.04492974281311035, 0.04492974281311035, 0.04492974281311035, 0.04492974281311035, 0.04492974281311035, 0.04492974281311035, 0.04492974281311035, 0.04492974281311035, 0.04492974281311035, 0.04492974281311035, 0.04492974281311035, 0.04492974281311035, 0.04492974281311035, 0.04492974281311035, 0.04492974281311035, 0.04492974281311035, 0.04492974281311035, 0.04492974281311035, 0.04492974281311035, 0.04492974281311035, 0.04492974281311035, 0.04492974281311035, 0.04492974281311035, 0.04492974281311035, 0.04492974281311035, 0.04492974281311035, 0.04492974281311035, 0.04492974281311035, 0.04492974281311035, 0.04492974281311035, 0.04492974281311035, 0.04492974281311035, 0.04492974281311035, 0.04492974281311035, 0.04492974281311035, 0.04492974281311035, 0.04492974281311035, 0.04492974281311035, 0.04492974281311035, 0.04492974281311035, 0.04492974281311035, 0.04492974281311035, 0.04492974281311035, 0.04492974281311035]
itl_85:0.044219004237349806
tpot:[0.044774770736694336]
itl_132:0.043339264509343944
tpot:[0.04490303993225098, 0.04490303993225098, 0.04490303993225098, 0.04490303993225098, 0.04490303993225098, 0.04490303993225098, 0.04490303993225098, 0.04490303993225098, 0.04490303993225098, 0.04490303993225098, 0.04490303993225098, 0.04490303993225098, 0.04490303993225098, 0.04490303993225098, 0.04490303993225098, 0.04490303993225098, 0.04490303993225098, 0.04490303993225098, 0.04490303993225098, 0.04490303993225098, 0.04490303993225098, 0.04490303993225098, 0.04490303993225098, 0.04490303993225098, 0.04490303993225098, 0.04490303993225098, 0.04490303993225098, 0.04490303993225098, 0.04490303993225098, 0.04490303993225098, 0.04490303993225098, 0.04490303993225098, 0.04490303993225098, 0.04490303993225098, 0.04490303993225098, 0.04490303993225098, 0.04490303993225098, 0.04490303993225098, 0.04490303993225098, 0.04490303993225098, 0.04490303993225098, 0.04490303993225098]
itl_91:0.04402544654486205
tpot:[0.04482293128967285, 0.04482293128967285]
itl_93:0.043971448134209404
tpot:[0.04531717300415039, 0.04531717300415039, 0.04531717300415039]
itl_87:0.044111068269847765
tpot:[0.03599262237548828]
itl_117:0.043487750537811766
tpot:[0.03618884086608887, 0.03618884086608887, 0.03618884086608887, 0.03618884086608887, 0.03618884086608887, 0.03618884086608887, 0.03618884086608887, 0.03618884086608887, 0.03618884086608887, 0.03618884086608887, 0.03618884086608887, 0.03618884086608887, 0.03618884086608887, 0.03618884086608887, 0.03618884086608887, 0.03618884086608887, 0.03618884086608887, 0.03618884086608887, 0.03618884086608887, 0.03618884086608887, 0.03618884086608887, 0.03618884086608887, 0.03618884086608887, 0.03618884086608887]
itl_124:0.04333057599421738
tpot:[0.03576350212097168, 0.03576350212097168, 0.03576350212097168, 0.03576350212097168, 0.03576350212097168, 0.03576350212097168, 0.03576350212097168, 0.03576350212097168, 0.03576350212097168, 0.03576350212097168, 0.03576350212097168, 0.03576350212097168, 0.03576350212097168, 0.03576350212097168, 0.03576350212097168, 0.03576350212097168, 0.03576350212097168, 0.03576350212097168, 0.03576350212097168, 0.03576350212097168, 0.03576350212097168, 0.03576350212097168, 0.03576350212097168, 0.03576350212097168, 0.03576350212097168, 0.03576350212097168, 0.03576350212097168, 0.03576350212097168, 0.03576350212097168, 0.03576350212097168]
itl_110:0.043567258992299115
itl_133:0.04318358103434245
tpot:[0.03560519218444824, 0.03560519218444824, 0.03560519218444824, 0.03560519218444824, 0.03560519218444824, 0.03560519218444824, 0.03560519218444824, 0.03560519218444824, 0.03560519218444824, 0.03560519218444824, 0.03560519218444824, 0.03560519218444824, 0.03560519218444824, 0.03560519218444824, 0.03560519218444824, 0.03560519218444824, 0.03560519218444824]
tpot:[0.03560519218444824, 0.03560519218444824, 0.03560519218444824, 0.03560519218444824, 0.03560519218444824, 0.03560519218444824, 0.03560519218444824, 0.03560519218444824, 0.03560519218444824, 0.03560519218444824, 0.03560519218444824, 0.03560519218444824, 0.03560519218444824, 0.03560519218444824, 0.03560519218444824, 0.03560519218444824, 0.03560519218444824, 0.03560519218444824, 0.03560519218444824, 0.03560519218444824, 0.03560519218444824, 0.03560519218444824, 0.03560519218444824, 0.03560519218444824, 0.03560519218444824, 0.03560519218444824, 0.03560519218444824, 0.03560519218444824, 0.03560519218444824, 0.03560519218444824, 0.03560519218444824, 0.03560519218444824, 0.03560519218444824, 0.03560519218444824, 0.03560519218444824, 0.03560519218444824, 0.03560519218444824]
itl_92:0.043862038386796046
itl_122:0.04330535272913655
tpot:[0.03499865531921387]
tpot:[0.03499865531921387, 0.03499865531921387, 0.03499865531921387, 0.03499865531921387, 0.03499865531921387, 0.03499865531921387, 0.03499865531921387, 0.03499865531921387, 0.03499865531921387, 0.03499865531921387, 0.03499865531921387, 0.03499865531921387, 0.03499865531921387, 0.03499865531921387, 0.03499865531921387, 0.03499865531921387, 0.03499865531921387, 0.03499865531921387, 0.03499865531921387, 0.03499865531921387, 0.03499865531921387, 0.03499865531921387, 0.03499865531921387, 0.03499865531921387, 0.03499865531921387, 0.03499865531921387, 0.03499865531921387]
itl_97:0.04369476750806287
tpot:[0.0350193977355957, 0.0350193977355957, 0.0350193977355957]
itl_95:0.04370753469310356
itl_101:0.04355598588026207
itl_138:0.04304912033982164
itl_142:0.043006512791059597
tpot:[0.03595089912414551]
tpot:[0.03595089912414551, 0.03595089912414551, 0.03595089912414551, 0.03595089912414551, 0.03595089912414551, 0.03595089912414551]
tpot:[0.03595089912414551, 0.03595089912414551, 0.03595089912414551, 0.03595089912414551, 0.03595089912414551, 0.03595089912414551, 0.03595089912414551, 0.03595089912414551, 0.03595089912414551, 0.03595089912414551, 0.03595089912414551, 0.03595089912414551, 0.03595089912414551, 0.03595089912414551, 0.03595089912414551, 0.03595089912414551, 0.03595089912414551, 0.03595089912414551, 0.03595089912414551, 0.03595089912414551, 0.03595089912414551, 0.03595089912414551, 0.03595089912414551, 0.03595089912414551, 0.03595089912414551, 0.03595089912414551, 0.03595089912414551, 0.03595089912414551, 0.03595089912414551, 0.03595089912414551, 0.03595089912414551, 0.03595089912414551, 0.03595089912414551, 0.03595089912414551, 0.03595089912414551, 0.03595089912414551]
tpot:[0.03595089912414551, 0.03595089912414551, 0.03595089912414551, 0.03595089912414551, 0.03595089912414551, 0.03595089912414551, 0.03595089912414551, 0.03595089912414551, 0.03595089912414551, 0.03595089912414551, 0.03595089912414551, 0.03595089912414551, 0.03595089912414551, 0.03595089912414551, 0.03595089912414551, 0.03595089912414551, 0.03595089912414551, 0.03595089912414551, 0.03595089912414551, 0.03595089912414551, 0.03595089912414551, 0.03595089912414551, 0.03595089912414551, 0.03595089912414551, 0.03595089912414551, 0.03595089912414551, 0.03595089912414551, 0.03595089912414551, 0.03595089912414551, 0.03595089912414551, 0.03595089912414551, 0.03595089912414551, 0.03595089912414551, 0.03595089912414551, 0.03595089912414551, 0.03595089912414551, 0.03595089912414551, 0.03595089912414551, 0.03595089912414551]
itl_116:0.04337085437479403
tpot:[0.035465240478515625, 0.035465240478515625, 0.035465240478515625, 0.035465240478515625, 0.035465240478515625, 0.035465240478515625, 0.035465240478515625, 0.035465240478515625, 0.035465240478515625, 0.035465240478515625, 0.035465240478515625, 0.035465240478515625, 0.035465240478515625, 0.035465240478515625, 0.035465240478515625, 0.035465240478515625, 0.035465240478515625, 0.035465240478515625]
itl_115:0.0433577094601332
tpot:[0.034694671630859375, 0.034694671630859375, 0.034694671630859375, 0.034694671630859375, 0.034694671630859375, 0.034694671630859375, 0.034694671630859375, 0.034694671630859375, 0.034694671630859375, 0.034694671630859375, 0.034694671630859375, 0.034694671630859375, 0.034694671630859375, 0.034694671630859375, 0.034694671630859375, 0.034694671630859375, 0.034694671630859375]
itl_96:0.043668935696283974
itl_98:0.04361962378471866
itl_134:0.04305724129080772
tpot:[0.035332441329956055]
tpot:[0.035332441329956055, 0.035332441329956055]
tpot:[0.035332441329956055, 0.035332441329956055, 0.035332441329956055, 0.035332441329956055, 0.035332441329956055, 0.035332441329956055, 0.035332441329956055, 0.035332441329956055, 0.035332441329956055, 0.035332441329956055, 0.035332441329956055, 0.035332441329956055, 0.035332441329956055, 0.035332441329956055, 0.035332441329956055, 0.035332441329956055, 0.035332441329956055, 0.035332441329956055, 0.035332441329956055, 0.035332441329956055, 0.035332441329956055, 0.035332441329956055, 0.035332441329956055, 0.035332441329956055, 0.035332441329956055, 0.035332441329956055, 0.035332441329956055, 0.035332441329956055, 0.035332441329956055]
itl_131:0.04308592680818546
tpot:[0.03397727012634277, 0.03397727012634277, 0.03397727012634277, 0.03397727012634277, 0.03397727012634277, 0.03397727012634277, 0.03397727012634277, 0.03397727012634277, 0.03397727012634277, 0.03397727012634277, 0.03397727012634277, 0.03397727012634277, 0.03397727012634277, 0.03397727012634277, 0.03397727012634277, 0.03397727012634277, 0.03397727012634277, 0.03397727012634277, 0.03397727012634277, 0.03397727012634277, 0.03397727012634277, 0.03397727012634277, 0.03397727012634277, 0.03397727012634277, 0.03397727012634277, 0.03397727012634277]
itl_103:0.04347478207228945
itl_113:0.04335310922830065
tpot:[0.03398942947387695, 0.03398942947387695, 0.03398942947387695, 0.03398942947387695]
tpot:[0.03398942947387695, 0.03398942947387695, 0.03398942947387695, 0.03398942947387695, 0.03398942947387695, 0.03398942947387695, 0.03398942947387695, 0.03398942947387695, 0.03398942947387695, 0.03398942947387695, 0.03398942947387695, 0.03398942947387695, 0.03398942947387695]
itl_126:0.04313375773253264
tpot:[0.03366875648498535, 0.03366875648498535, 0.03366875648498535, 0.03366875648498535, 0.03366875648498535, 0.03366875648498535, 0.03366875648498535, 0.03366875648498535, 0.03366875648498535, 0.03366875648498535, 0.03366875648498535, 0.03366875648498535, 0.03366875648498535, 0.03366875648498535, 0.03366875648498535, 0.03366875648498535, 0.03366875648498535, 0.03366875648498535, 0.03366875648498535]
itl_143:0.04288644215156292
itl_144:0.042814442867369164
tpot:[0.03377556800842285, 0.03377556800842285, 0.03377556800842285, 0.03377556800842285, 0.03377556800842285, 0.03377556800842285, 0.03377556800842285, 0.03377556800842285, 0.03377556800842285, 0.03377556800842285, 0.03377556800842285, 0.03377556800842285, 0.03377556800842285, 0.03377556800842285, 0.03377556800842285, 0.03377556800842285, 0.03377556800842285, 0.03377556800842285, 0.03377556800842285, 0.03377556800842285, 0.03377556800842285, 0.03377556800842285, 0.03377556800842285, 0.03377556800842285, 0.03377556800842285, 0.03377556800842285, 0.03377556800842285]
tpot:[0.03377556800842285, 0.03377556800842285, 0.03377556800842285, 0.03377556800842285, 0.03377556800842285, 0.03377556800842285, 0.03377556800842285, 0.03377556800842285, 0.03377556800842285, 0.03377556800842285, 0.03377556800842285, 0.03377556800842285, 0.03377556800842285, 0.03377556800842285, 0.03377556800842285, 0.03377556800842285, 0.03377556800842285, 0.03377556800842285, 0.03377556800842285, 0.03377556800842285, 0.03377556800842285, 0.03377556800842285, 0.03377556800842285, 0.03377556800842285, 0.03377556800842285, 0.03377556800842285, 0.03377556800842285, 0.03377556800842285]
itl_99:0.04348849679181676
tpot:[0.03334856033325195]
itl_121:0.04308772929436234
tpot:[0.032125234603881836, 0.032125234603881836, 0.032125234603881836, 0.032125234603881836, 0.032125234603881836, 0.032125234603881836, 0.032125234603881836, 0.032125234603881836, 0.032125234603881836, 0.032125234603881836, 0.032125234603881836, 0.032125234603881836, 0.032125234603881836, 0.032125234603881836, 0.032125234603881836]
itl_104:0.04339660574366023
tpot:[0.03198385238647461, 0.03198385238647461, 0.03198385238647461]
itl_119:0.04314939484341454
tpot:[0.03223228454589844, 0.03223228454589844, 0.03223228454589844, 0.03223228454589844, 0.03223228454589844, 0.03223228454589844, 0.03223228454589844, 0.03223228454589844, 0.03223228454589844, 0.03223228454589844, 0.03223228454589844, 0.03223228454589844]
itl_107:0.043182350918204486
itl_108:0.043182350918204486
itl_141:0.04271926141224024
tpot:[0.03223276138305664, 0.03223276138305664, 0.03223276138305664, 0.03223276138305664, 0.03223276138305664]
tpot:[0.03223276138305664, 0.03223276138305664, 0.03223276138305664, 0.03223276138305664, 0.03223276138305664, 0.03223276138305664]
tpot:[0.03223276138305664, 0.03223276138305664, 0.03223276138305664, 0.03223276138305664, 0.03223276138305664, 0.03223276138305664, 0.03223276138305664, 0.03223276138305664, 0.03223276138305664, 0.03223276138305664, 0.03223276138305664, 0.03223276138305664, 0.03223276138305664, 0.03223276138305664, 0.03223276138305664, 0.03223276138305664, 0.03223276138305664, 0.03223276138305664, 0.03223276138305664, 0.03223276138305664, 0.03223276138305664, 0.03223276138305664]
itl_105:0.04316567946977145
itl_106:0.04316567946977145
itl_146:0.04261782032997568
tpot:[0.03239583969116211, 0.03239583969116211, 0.03239583969116211]
tpot:[0.03239583969116211, 0.03239583969116211, 0.03239583969116211, 0.03239583969116211]
tpot:[0.03239583969116211, 0.03239583969116211, 0.03239583969116211, 0.03239583969116211, 0.03239583969116211, 0.03239583969116211, 0.03239583969116211, 0.03239583969116211, 0.03239583969116211, 0.03239583969116211, 0.03239583969116211, 0.03239583969116211, 0.03239583969116211, 0.03239583969116211, 0.03239583969116211, 0.03239583969116211, 0.03239583969116211, 0.03239583969116211, 0.03239583969116211, 0.03239583969116211, 0.03239583969116211]
itl_100:0.04328168034553528
tpot:[0.027212858200073242]
itl_114:0.043025687359262266
itl_149:0.042570038458966696
tpot:[0.026439189910888672, 0.026439189910888672, 0.026439189910888672, 0.026439189910888672, 0.026439189910888672]
tpot:[0.026439189910888672, 0.026439189910888672, 0.026439189910888672, 0.026439189910888672, 0.026439189910888672, 0.026439189910888672, 0.026439189910888672, 0.026439189910888672, 0.026439189910888672, 0.026439189910888672, 0.026439189910888672, 0.026439189910888672, 0.026439189910888672, 0.026439189910888672, 0.026439189910888672, 0.026439189910888672, 0.026439189910888672, 0.026439189910888672, 0.026439189910888672, 0.026439189910888672]
itl_102:0.04314952957085903
tpot:[0.02677750587463379]
itl_112:0.04300279666980108
tpot:[0.026628494262695312, 0.026628494262695312, 0.026628494262695312]
itl_136:0.04262120716543083
tpot:[0.02651190757751465, 0.02651190757751465, 0.02651190757751465, 0.02651190757751465, 0.02651190757751465, 0.02651190757751465, 0.02651190757751465, 0.02651190757751465, 0.02651190757751465, 0.02651190757751465, 0.02651190757751465]
itl_118:0.04277268844763202
tpot:[0.02677464485168457, 0.02677464485168457, 0.02677464485168457]
itl_127:0.04265702196529934
tpot:[0.027596712112426758, 0.027596712112426758, 0.027596712112426758, 0.027596712112426758, 0.027596712112426758, 0.027596712112426758]
itl_137:0.04245875871878514
tpot:[0.027505874633789062, 0.027505874633789062, 0.027505874633789062, 0.027505874633789062, 0.027505874633789062, 0.027505874633789062, 0.027505874633789062, 0.027505874633789062, 0.027505874633789062]
itl_123:0.04261177654436151
itl_128:0.04253690299533662
tpot:[0.027205705642700195, 0.027205705642700195, 0.027205705642700195, 0.027205705642700195]
tpot:[0.027205705642700195, 0.027205705642700195, 0.027205705642700195, 0.027205705642700195, 0.027205705642700195, 0.027205705642700195]
itl_109:0.04283072972891097
tpot:[0.02619791030883789]
itl_148:0.04220979795398482
tpot:[0.026403188705444336, 0.026403188705444336, 0.026403188705444336, 0.026403188705444336, 0.026403188705444336, 0.026403188705444336, 0.026403188705444336, 0.026403188705444336, 0.026403188705444336]
itl_111:0.04269137765369276
tpot:[0.02594304084777832]
itl_147:0.04216140598148197
tpot:[0.026397705078125, 0.026397705078125, 0.026397705078125, 0.026397705078125, 0.026397705078125, 0.026397705078125, 0.026397705078125]
itl_129:0.04224137290876511
itl_139:0.042140772763420556
itl_145:0.04201101015011469
tpot:[0.025213003158569336, 0.025213003158569336, 0.025213003158569336]
tpot:[0.025213003158569336, 0.025213003158569336, 0.025213003158569336, 0.025213003158569336, 0.025213003158569336]
tpot:[0.025213003158569336, 0.025213003158569336, 0.025213003158569336, 0.025213003158569336, 0.025213003158569336, 0.025213003158569336]
itl_120:0.04238329397403623
itl_125:0.04229034572362553
tpot:[0.024889469146728516]
tpot:[0.024889469146728516, 0.024889469146728516]
itl_130:0.0420879312183546
tpot:[0.024477720260620117]
itl_157:0.04151833971693101
tpot:[0.024370908737182617, 0.024370908737182617, 0.024370908737182617, 0.024370908737182617, 0.024370908737182617, 0.024370908737182617, 0.024370908737182617, 0.024370908737182617]
itl_156:0.04141307782082662
tpot:[0.024813175201416016, 0.024813175201416016, 0.024813175201416016, 0.024813175201416016, 0.024813175201416016, 0.024813175201416016, 0.024813175201416016]
itl_150:0.041459832281176154
itl_154:0.04138623138905962
tpot:[0.022420644760131836]
tpot:[0.022420644760131836, 0.022420644760131836, 0.022420644760131836, 0.022420644760131836, 0.022420644760131836]
itl_151:0.04136609824107456
itl_152:0.04136609824107456
itl_153:0.04136609824107456
tpot:[0.022793292999267578]
tpot:[0.022793292999267578, 0.022793292999267578]
tpot:[0.022793292999267578, 0.022793292999267578, 0.022793292999267578]
itl_155:0.041245248659302285
tpot:[0.02184319496154785]
itl_158:0.04112495289485583
tpot:[0.02206110954284668]
itl_159:0.040966823135597116
tpot:[0.0196990966796875]
