ttft:[0.393007755279541, 0.38419246673583984, 0.38332390785217285, 0.3827807903289795, 0.38225507736206055, 0.38137197494506836, 0.38088202476501465, 0.38040900230407715, 0.38005828857421875, 0.37969112396240234, 0.37937307357788086, 0.378917932510376, 0.37851524353027344, 0.3781769275665283, 0.3778197765350342, 0.3772084712982178, 0.37679529190063477, 0.3764493465423584, 0.37604475021362305, 0.37567877769470215, 0.37532949447631836, 0.37504148483276367, 0.3746669292449951, 0.3742365837097168, 0.3739197254180908, 0.37348008155822754, 0.3730776309967041, 0.3726317882537842, 0.371931791305542, 0.37155795097351074, 0.3712501525878906, 0.37088441848754883, 0.3705294132232666, 0.37021303176879883, 0.3697810173034668, 0.36934518814086914, 0.3688371181488037, 0.3685281276702881, 0.3679823875427246, 0.36767005920410156]
itl_4:0.029805658160074373
tpot:[0.03155636787414551, 0.03155636787414551, 0.03155636787414551, 0.03155636787414551, 0.03155636787414551]
itl_35:0.029969437712641774
tpot:[0.03194141387939453, 0.03194141387939453, 0.03194141387939453, 0.03194141387939453, 0.03194141387939453, 0.03194141387939453, 0.03194141387939453, 0.03194141387939453, 0.03194141387939453, 0.03194141387939453, 0.03194141387939453, 0.03194141387939453, 0.03194141387939453, 0.03194141387939453, 0.03194141387939453, 0.03194141387939453, 0.03194141387939453, 0.03194141387939453, 0.03194141387939453, 0.03194141387939453, 0.03194141387939453, 0.03194141387939453, 0.03194141387939453, 0.03194141387939453, 0.03194141387939453, 0.03194141387939453, 0.03194141387939453, 0.03194141387939453, 0.03194141387939453, 0.03194141387939453, 0.03194141387939453, 0.03194141387939453, 0.03194141387939453, 0.03194141387939453, 0.03194141387939453]
itl_0:0.029985926368019798
tpot:[0.03218698501586914]
itl_27:0.029999360796388846
tpot:[0.03186631202697754, 0.03186631202697754, 0.03186631202697754, 0.03186631202697754, 0.03186631202697754, 0.03186631202697754, 0.03186631202697754, 0.03186631202697754, 0.03186631202697754, 0.03186631202697754, 0.03186631202697754, 0.03186631202697754, 0.03186631202697754, 0.03186631202697754, 0.03186631202697754, 0.03186631202697754, 0.03186631202697754, 0.03186631202697754, 0.03186631202697754, 0.03186631202697754, 0.03186631202697754, 0.03186631202697754, 0.03186631202697754, 0.03186631202697754, 0.03186631202697754, 0.03186631202697754]
itl_37:0.030015897450956907
tpot:[0.03177595138549805, 0.03177595138549805, 0.03177595138549805, 0.03177595138549805, 0.03177595138549805, 0.03177595138549805, 0.03177595138549805, 0.03177595138549805, 0.03177595138549805, 0.03177595138549805, 0.03177595138549805, 0.03177595138549805, 0.03177595138549805, 0.03177595138549805, 0.03177595138549805, 0.03177595138549805, 0.03177595138549805, 0.03177595138549805, 0.03177595138549805, 0.03177595138549805, 0.03177595138549805, 0.03177595138549805, 0.03177595138549805, 0.03177595138549805, 0.03177595138549805, 0.03177595138549805, 0.03177595138549805, 0.03177595138549805, 0.03177595138549805, 0.03177595138549805, 0.03177595138549805, 0.03177595138549805, 0.03177595138549805, 0.03177595138549805]
itl_14:0.03002223512595724
tpot:[0.0319671630859375, 0.0319671630859375, 0.0319671630859375, 0.0319671630859375, 0.0319671630859375, 0.0319671630859375, 0.0319671630859375, 0.0319671630859375, 0.0319671630859375, 0.0319671630859375, 0.0319671630859375, 0.0319671630859375, 0.0319671630859375]
itl_34:0.03003071064882085
tpot:[0.031545162200927734, 0.031545162200927734, 0.031545162200927734, 0.031545162200927734, 0.031545162200927734, 0.031545162200927734, 0.031545162200927734, 0.031545162200927734, 0.031545162200927734, 0.031545162200927734, 0.031545162200927734, 0.031545162200927734, 0.031545162200927734, 0.031545162200927734, 0.031545162200927734, 0.031545162200927734, 0.031545162200927734, 0.031545162200927734, 0.031545162200927734, 0.031545162200927734, 0.031545162200927734, 0.031545162200927734, 0.031545162200927734, 0.031545162200927734, 0.031545162200927734, 0.031545162200927734, 0.031545162200927734, 0.031545162200927734, 0.031545162200927734, 0.031545162200927734, 0.031545162200927734]
itl_10:0.030043315961264975
tpot:[0.03228926658630371, 0.03228926658630371, 0.03228926658630371, 0.03228926658630371, 0.03228926658630371, 0.03228926658630371, 0.03228926658630371, 0.03228926658630371, 0.03228926658630371]
itl_3:0.030029418651874248
itl_5:0.030029418651874248
tpot:[0.02771282196044922, 0.02771282196044922, 0.02771282196044922]
tpot:[0.02771282196044922, 0.02771282196044922, 0.02771282196044922, 0.02771282196044922]
itl_17:0.030024234050979263
tpot:[0.02746438980102539, 0.02746438980102539, 0.02746438980102539, 0.02746438980102539, 0.02746438980102539, 0.02746438980102539, 0.02746438980102539, 0.02746438980102539, 0.02746438980102539, 0.02746438980102539, 0.02746438980102539, 0.02746438980102539]
itl_25:0.0300005819739365
itl_30:0.0300005819739365
itl_33:0.0300005819739365
tpot:[0.02659440040588379, 0.02659440040588379, 0.02659440040588379, 0.02659440040588379, 0.02659440040588379, 0.02659440040588379, 0.02659440040588379, 0.02659440040588379, 0.02659440040588379, 0.02659440040588379, 0.02659440040588379, 0.02659440040588379, 0.02659440040588379, 0.02659440040588379, 0.02659440040588379, 0.02659440040588379, 0.02659440040588379, 0.02659440040588379, 0.02659440040588379]
tpot:[0.02659440040588379, 0.02659440040588379, 0.02659440040588379, 0.02659440040588379, 0.02659440040588379, 0.02659440040588379, 0.02659440040588379, 0.02659440040588379, 0.02659440040588379, 0.02659440040588379, 0.02659440040588379, 0.02659440040588379, 0.02659440040588379, 0.02659440040588379, 0.02659440040588379, 0.02659440040588379, 0.02659440040588379, 0.02659440040588379, 0.02659440040588379, 0.02659440040588379, 0.02659440040588379, 0.02659440040588379, 0.02659440040588379]
tpot:[0.02659440040588379, 0.02659440040588379, 0.02659440040588379, 0.02659440040588379, 0.02659440040588379, 0.02659440040588379, 0.02659440040588379, 0.02659440040588379, 0.02659440040588379, 0.02659440040588379, 0.02659440040588379, 0.02659440040588379, 0.02659440040588379, 0.02659440040588379, 0.02659440040588379, 0.02659440040588379, 0.02659440040588379, 0.02659440040588379, 0.02659440040588379, 0.02659440040588379, 0.02659440040588379, 0.02659440040588379, 0.02659440040588379, 0.02659440040588379, 0.02659440040588379, 0.02659440040588379]
itl_24:0.029991536154935425
tpot:[0.026261568069458008, 0.026261568069458008, 0.026261568069458008, 0.026261568069458008, 0.026261568069458008, 0.026261568069458008, 0.026261568069458008, 0.026261568069458008, 0.026261568069458008, 0.026261568069458008, 0.026261568069458008, 0.026261568069458008, 0.026261568069458008, 0.026261568069458008, 0.026261568069458008, 0.026261568069458008, 0.026261568069458008, 0.026261568069458008]
itl_6:0.02998577336440137
tpot:[0.026905298233032227, 0.026905298233032227, 0.026905298233032227]
itl_39:0.0299831130287864
tpot:[0.027881145477294922, 0.027881145477294922, 0.027881145477294922, 0.027881145477294922, 0.027881145477294922, 0.027881145477294922, 0.027881145477294922, 0.027881145477294922, 0.027881145477294922, 0.027881145477294922, 0.027881145477294922, 0.027881145477294922, 0.027881145477294922, 0.027881145477294922, 0.027881145477294922, 0.027881145477294922, 0.027881145477294922, 0.027881145477294922, 0.027881145477294922, 0.027881145477294922, 0.027881145477294922, 0.027881145477294922, 0.027881145477294922, 0.027881145477294922]
itl_2:0.0299797927377444
tpot:[0.027484416961669922, 0.027484416961669922]
itl_18:0.029975806118138246
tpot:[0.027586698532104492, 0.027586698532104492, 0.027586698532104492, 0.027586698532104492, 0.027586698532104492, 0.027586698532104492, 0.027586698532104492, 0.027586698532104492, 0.027586698532104492, 0.027586698532104492]
itl_15:0.029967995293169136
tpot:[0.026926755905151367, 0.026926755905151367, 0.026926755905151367, 0.026926755905151367, 0.026926755905151367, 0.026926755905151367, 0.026926755905151367, 0.026926755905151367]
itl_26:0.029962005471824704
itl_31:0.029962005471824704
tpot:[0.0265350341796875, 0.0265350341796875, 0.0265350341796875, 0.0265350341796875, 0.0265350341796875, 0.0265350341796875, 0.0265350341796875, 0.0265350341796875, 0.0265350341796875, 0.0265350341796875, 0.0265350341796875, 0.0265350341796875, 0.0265350341796875, 0.0265350341796875]
tpot:[0.0265350341796875, 0.0265350341796875, 0.0265350341796875, 0.0265350341796875, 0.0265350341796875, 0.0265350341796875, 0.0265350341796875, 0.0265350341796875, 0.0265350341796875, 0.0265350341796875, 0.0265350341796875, 0.0265350341796875, 0.0265350341796875, 0.0265350341796875, 0.0265350341796875, 0.0265350341796875, 0.0265350341796875]
itl_1:0.029956753189499315
tpot:[0.02654099464416504]
itl_8:0.029951572775662034
itl_11:0.029951572775662034
itl_21:0.029951572775662034
tpot:[0.02664947509765625, 0.02664947509765625]
tpot:[0.02664947509765625, 0.02664947509765625, 0.02664947509765625, 0.02664947509765625]
tpot:[0.02664947509765625, 0.02664947509765625, 0.02664947509765625, 0.02664947509765625, 0.02664947509765625, 0.02664947509765625, 0.02664947509765625, 0.02664947509765625, 0.02664947509765625, 0.02664947509765625]
itl_28:0.029945381744179184
tpot:[0.02608036994934082, 0.02608036994934082, 0.02608036994934082, 0.02608036994934082, 0.02608036994934082, 0.02608036994934082, 0.02608036994934082, 0.02608036994934082, 0.02608036994934082, 0.02608036994934082]
itl_7:0.02993947579365318
tpot:[0.02529287338256836]
itl_19:0.02993228222007182
tpot:[0.024915695190429688, 0.024915695190429688, 0.024915695190429688, 0.024915695190429688, 0.024915695190429688]
itl_16:0.02992465776764689
tpot:[0.02481698989868164, 0.02481698989868164, 0.02481698989868164, 0.02481698989868164]
itl_13:0.02991687080689839
tpot:[0.024722814559936523, 0.024722814559936523, 0.024722814559936523]
itl_12:0.02986729145050049
itl_22:0.02986729145050049
tpot:[0.02480602264404297, 0.02480602264404297]
tpot:[0.02480602264404297, 0.02480602264404297, 0.02480602264404297, 0.02480602264404297]
itl_32:0.029857124952223587
itl_38:0.029857124952223587
tpot:[0.023365020751953125, 0.023365020751953125, 0.023365020751953125, 0.023365020751953125, 0.023365020751953125]
tpot:[0.023365020751953125, 0.023365020751953125, 0.023365020751953125, 0.023365020751953125, 0.023365020751953125, 0.023365020751953125, 0.023365020751953125]
itl_23:0.02982366854144681
tpot:[0.022464513778686523, 0.022464513778686523, 0.022464513778686523]
itl_20:0.0298126239553203
itl_29:0.0298126239553203
tpot:[0.02213764190673828, 0.02213764190673828]
tpot:[0.02213764190673828, 0.02213764190673828, 0.02213764190673828]
itl_9:0.02978912548427164
tpot:[0.03999519348144531]
itl_36:0.02976303780790326
tpot:[0.019594907760620117]
