ttft:[0.6989316940307617, 0.6895346641540527, 0.6886954307556152, 0.6881568431854248, 0.687645435333252, 0.6867411136627197, 0.6862411499023438, 0.6857476234436035, 0.6853876113891602, 0.6850099563598633, 0.6846907138824463, 0.6842443943023682, 0.6838371753692627, 0.6835117340087891, 0.683150053024292, 0.6825478076934814, 0.6821081638336182, 0.6817517280578613, 0.6813366413116455, 0.6809625625610352, 0.6806142330169678, 0.6803188323974609, 0.6799514293670654, 0.6795403957366943, 0.6792428493499756, 0.678802490234375, 0.6783990859985352, 0.6779434680938721, 0.6762728691101074, 0.6758718490600586, 0.6755630970001221, 0.6751885414123535, 0.674835205078125, 0.6745204925537109, 0.6740458011627197, 0.6736109256744385, 0.6730844974517822, 0.6727695465087891, 0.6722259521484375, 0.6719157695770264, 0.6715409755706787, 0.6711897850036621, 0.6708264350891113, 0.66990065574646, 0.6696202754974365, 0.6690325736999512, 0.6686315536499023, 0.6683492660522461, 0.667975902557373]
ttft:[0.6786549091339111, 0.6783096790313721, 0.6777584552764893, 0.6771130561828613, 0.676713228225708, 0.6762902736663818, 0.6756806373596191, 0.6751830577850342, 0.6748614311218262, 0.674515962600708, 0.6741399765014648, 0.6737759113311768, 0.6732618808746338, 0.6729128360748291, 0.6725759506225586, 0.6719546318054199, 0.6716060638427734, 0.671245813369751, 0.6709411144256592, 0.6704568862915039, 0.6700503826141357, 0.6695995330810547, 0.6693019866943359, 0.6689789295196533, 0.6686334609985352, 0.6682708263397217, 0.6677982807159424, 0.6674046516418457, 0.6671490669250488, 0.6668219566345215, 0.6664788722991943]
itl_3:0.04092643374488467
tpot:[0.043883562088012695, 0.043883562088012695, 0.043883562088012695, 0.043883562088012695]
itl_3:0.040934369542832194
itl_78:0.041250557563323575
tpot:[0.04371070861816406, 0.04371070861816406, 0.04371070861816406, 0.04371070861816406, 0.04371070861816406, 0.04371070861816406, 0.04371070861816406, 0.04371070861816406, 0.04371070861816406, 0.04371070861816406, 0.04371070861816406, 0.04371070861816406, 0.04371070861816406, 0.04371070861816406, 0.04371070861816406, 0.04371070861816406, 0.04371070861816406, 0.04371070861816406, 0.04371070861816406, 0.04371070861816406, 0.04371070861816406, 0.04371070861816406, 0.04371070861816406, 0.04371070861816406, 0.04371070861816406, 0.04371070861816406, 0.04371070861816406, 0.04371070861816406, 0.04371070861816406, 0.04371070861816406, 0.04371070861816406, 0.04371070861816406, 0.04371070861816406, 0.04371070861816406, 0.04371070861816406, 0.04371070861816406, 0.04371070861816406, 0.04371070861816406, 0.04371070861816406, 0.04371070861816406, 0.04371070861816406, 0.04371070861816406, 0.04371070861816406, 0.04371070861816406, 0.04371070861816406, 0.04371070861816406, 0.04371070861816406, 0.04371070861816406, 0.04371070861816406, 0.04371070861816406, 0.04371070861816406, 0.04371070861816406, 0.04371070861816406, 0.04371070861816406, 0.04371070861816406, 0.04371070861816406, 0.04371070861816406, 0.04371070861816406, 0.04371070861816406, 0.04371070861816406, 0.04371070861816406, 0.04371070861816406, 0.04371070861816406, 0.04371070861816406, 0.04371070861816406, 0.04371070861816406, 0.04371070861816406, 0.04371070861816406, 0.04371070861816406, 0.04371070861816406, 0.04371070861816406, 0.04371070861816406, 0.04371070861816406, 0.04371070861816406, 0.04371070861816406, 0.04371070861816406, 0.04371070861816406, 0.04371070861816406]
itl_78:0.0412574727088213
itl_42:0.04289883028262507
tpot:[0.04627585411071777, 0.04627585411071777, 0.04627585411071777, 0.04627585411071777, 0.04627585411071777, 0.04627585411071777, 0.04627585411071777, 0.04627585411071777, 0.04627585411071777, 0.04627585411071777, 0.04627585411071777, 0.04627585411071777, 0.04627585411071777, 0.04627585411071777, 0.04627585411071777, 0.04627585411071777, 0.04627585411071777, 0.04627585411071777, 0.04627585411071777, 0.04627585411071777, 0.04627585411071777, 0.04627585411071777, 0.04627585411071777, 0.04627585411071777, 0.04627585411071777, 0.04627585411071777, 0.04627585411071777, 0.04627585411071777, 0.04627585411071777, 0.04627585411071777, 0.04627585411071777, 0.04627585411071777, 0.04627585411071777, 0.04627585411071777, 0.04627585411071777, 0.04627585411071777, 0.04627585411071777, 0.04627585411071777, 0.04627585411071777, 0.04627585411071777, 0.04627585411071777, 0.04627585411071777]
itl_4:0.04292105208762682
tpot:[0.04602169990539551, 0.04602169990539551, 0.04602169990539551, 0.04602169990539551]
itl_51:0.042997588476630204
tpot:[0.04629707336425781, 0.04629707336425781, 0.04629707336425781, 0.04629707336425781, 0.04629707336425781, 0.04629707336425781, 0.04629707336425781, 0.04629707336425781, 0.04629707336425781, 0.04629707336425781, 0.04629707336425781, 0.04629707336425781, 0.04629707336425781, 0.04629707336425781, 0.04629707336425781, 0.04629707336425781, 0.04629707336425781, 0.04629707336425781, 0.04629707336425781, 0.04629707336425781, 0.04629707336425781, 0.04629707336425781, 0.04629707336425781, 0.04629707336425781, 0.04629707336425781, 0.04629707336425781, 0.04629707336425781, 0.04629707336425781, 0.04629707336425781, 0.04629707336425781, 0.04629707336425781, 0.04629707336425781, 0.04629707336425781, 0.04629707336425781, 0.04629707336425781, 0.04629707336425781, 0.04629707336425781, 0.04629707336425781, 0.04629707336425781, 0.04629707336425781, 0.04629707336425781, 0.04629707336425781, 0.04629707336425781, 0.04629707336425781, 0.04629707336425781, 0.04629707336425781, 0.04629707336425781, 0.04629707336425781, 0.04629707336425781]
itl_63:0.043039831248196686
tpot:[0.045868873596191406, 0.045868873596191406, 0.045868873596191406, 0.045868873596191406, 0.045868873596191406, 0.045868873596191406, 0.045868873596191406, 0.045868873596191406, 0.045868873596191406, 0.045868873596191406, 0.045868873596191406, 0.045868873596191406, 0.045868873596191406, 0.045868873596191406, 0.045868873596191406, 0.045868873596191406, 0.045868873596191406, 0.045868873596191406, 0.045868873596191406, 0.045868873596191406, 0.045868873596191406, 0.045868873596191406, 0.045868873596191406, 0.045868873596191406, 0.045868873596191406, 0.045868873596191406, 0.045868873596191406, 0.045868873596191406, 0.045868873596191406, 0.045868873596191406, 0.045868873596191406, 0.045868873596191406, 0.045868873596191406, 0.045868873596191406, 0.045868873596191406, 0.045868873596191406, 0.045868873596191406, 0.045868873596191406, 0.045868873596191406, 0.045868873596191406, 0.045868873596191406, 0.045868873596191406, 0.045868873596191406, 0.045868873596191406, 0.045868873596191406, 0.045868873596191406, 0.045868873596191406, 0.045868873596191406, 0.045868873596191406, 0.045868873596191406, 0.045868873596191406, 0.045868873596191406, 0.045868873596191406, 0.045868873596191406, 0.045868873596191406, 0.045868873596191406, 0.045868873596191406, 0.045868873596191406, 0.045868873596191406, 0.045868873596191406]
itl_79:0.043114762392341605
tpot:[0.0464482307434082, 0.0464482307434082, 0.0464482307434082, 0.0464482307434082, 0.0464482307434082, 0.0464482307434082, 0.0464482307434082, 0.0464482307434082, 0.0464482307434082, 0.0464482307434082, 0.0464482307434082, 0.0464482307434082, 0.0464482307434082, 0.0464482307434082, 0.0464482307434082, 0.0464482307434082, 0.0464482307434082, 0.0464482307434082, 0.0464482307434082, 0.0464482307434082, 0.0464482307434082, 0.0464482307434082, 0.0464482307434082, 0.0464482307434082, 0.0464482307434082, 0.0464482307434082, 0.0464482307434082, 0.0464482307434082, 0.0464482307434082, 0.0464482307434082, 0.0464482307434082, 0.0464482307434082, 0.0464482307434082, 0.0464482307434082, 0.0464482307434082, 0.0464482307434082, 0.0464482307434082, 0.0464482307434082, 0.0464482307434082, 0.0464482307434082, 0.0464482307434082, 0.0464482307434082, 0.0464482307434082, 0.0464482307434082, 0.0464482307434082, 0.0464482307434082, 0.0464482307434082, 0.0464482307434082, 0.0464482307434082, 0.0464482307434082, 0.0464482307434082, 0.0464482307434082, 0.0464482307434082, 0.0464482307434082, 0.0464482307434082, 0.0464482307434082, 0.0464482307434082, 0.0464482307434082, 0.0464482307434082, 0.0464482307434082, 0.0464482307434082, 0.0464482307434082, 0.0464482307434082, 0.0464482307434082, 0.0464482307434082, 0.0464482307434082, 0.0464482307434082, 0.0464482307434082, 0.0464482307434082, 0.0464482307434082, 0.0464482307434082, 0.0464482307434082, 0.0464482307434082, 0.0464482307434082]
itl_44:0.04313564183855913
tpot:[0.04683232307434082, 0.04683232307434082, 0.04683232307434082, 0.04683232307434082, 0.04683232307434082, 0.04683232307434082, 0.04683232307434082, 0.04683232307434082, 0.04683232307434082, 0.04683232307434082, 0.04683232307434082, 0.04683232307434082, 0.04683232307434082, 0.04683232307434082, 0.04683232307434082, 0.04683232307434082, 0.04683232307434082, 0.04683232307434082, 0.04683232307434082, 0.04683232307434082, 0.04683232307434082, 0.04683232307434082, 0.04683232307434082, 0.04683232307434082, 0.04683232307434082, 0.04683232307434082, 0.04683232307434082, 0.04683232307434082, 0.04683232307434082, 0.04683232307434082, 0.04683232307434082, 0.04683232307434082, 0.04683232307434082, 0.04683232307434082, 0.04683232307434082, 0.04683232307434082, 0.04683232307434082, 0.04683232307434082, 0.04683232307434082, 0.04683232307434082, 0.04683232307434082, 0.04683232307434082]
itl_54:0.04315862647923837
tpot:[0.04594731330871582, 0.04594731330871582, 0.04594731330871582, 0.04594731330871582, 0.04594731330871582, 0.04594731330871582, 0.04594731330871582, 0.04594731330871582, 0.04594731330871582, 0.04594731330871582, 0.04594731330871582, 0.04594731330871582, 0.04594731330871582, 0.04594731330871582, 0.04594731330871582, 0.04594731330871582, 0.04594731330871582, 0.04594731330871582, 0.04594731330871582, 0.04594731330871582, 0.04594731330871582, 0.04594731330871582, 0.04594731330871582, 0.04594731330871582, 0.04594731330871582, 0.04594731330871582, 0.04594731330871582, 0.04594731330871582, 0.04594731330871582, 0.04594731330871582, 0.04594731330871582, 0.04594731330871582, 0.04594731330871582, 0.04594731330871582, 0.04594731330871582, 0.04594731330871582, 0.04594731330871582, 0.04594731330871582, 0.04594731330871582, 0.04594731330871582, 0.04594731330871582, 0.04594731330871582, 0.04594731330871582, 0.04594731330871582, 0.04594731330871582, 0.04594731330871582, 0.04594731330871582, 0.04594731330871582, 0.04594731330871582, 0.04594731330871582]
itl_67:0.04317057228702662
tpot:[0.04565024375915527, 0.04565024375915527, 0.04565024375915527, 0.04565024375915527, 0.04565024375915527, 0.04565024375915527, 0.04565024375915527, 0.04565024375915527, 0.04565024375915527, 0.04565024375915527, 0.04565024375915527, 0.04565024375915527, 0.04565024375915527, 0.04565024375915527, 0.04565024375915527, 0.04565024375915527, 0.04565024375915527, 0.04565024375915527, 0.04565024375915527, 0.04565024375915527, 0.04565024375915527, 0.04565024375915527, 0.04565024375915527, 0.04565024375915527, 0.04565024375915527, 0.04565024375915527, 0.04565024375915527, 0.04565024375915527, 0.04565024375915527, 0.04565024375915527, 0.04565024375915527, 0.04565024375915527, 0.04565024375915527, 0.04565024375915527, 0.04565024375915527, 0.04565024375915527, 0.04565024375915527, 0.04565024375915527, 0.04565024375915527, 0.04565024375915527, 0.04565024375915527, 0.04565024375915527, 0.04565024375915527, 0.04565024375915527, 0.04565024375915527, 0.04565024375915527, 0.04565024375915527, 0.04565024375915527, 0.04565024375915527, 0.04565024375915527, 0.04565024375915527, 0.04565024375915527, 0.04565024375915527, 0.04565024375915527, 0.04565024375915527, 0.04565024375915527, 0.04565024375915527, 0.04565024375915527, 0.04565024375915527, 0.04565024375915527, 0.04565024375915527]
itl_35:0.043174293263548824
tpot:[0.045716047286987305, 0.045716047286987305, 0.045716047286987305, 0.045716047286987305, 0.045716047286987305, 0.045716047286987305, 0.045716047286987305, 0.045716047286987305, 0.045716047286987305, 0.045716047286987305, 0.045716047286987305, 0.045716047286987305, 0.045716047286987305, 0.045716047286987305, 0.045716047286987305, 0.045716047286987305, 0.045716047286987305, 0.045716047286987305, 0.045716047286987305, 0.045716047286987305, 0.045716047286987305, 0.045716047286987305, 0.045716047286987305, 0.045716047286987305, 0.045716047286987305, 0.045716047286987305, 0.045716047286987305, 0.045716047286987305, 0.045716047286987305, 0.045716047286987305, 0.045716047286987305, 0.045716047286987305, 0.045716047286987305, 0.045716047286987305]
itl_0:0.043193334217466996
tpot:[0.04569745063781738]
itl_27:0.04320813887848529
tpot:[0.04578590393066406, 0.04578590393066406, 0.04578590393066406, 0.04578590393066406, 0.04578590393066406, 0.04578590393066406, 0.04578590393066406, 0.04578590393066406, 0.04578590393066406, 0.04578590393066406, 0.04578590393066406, 0.04578590393066406, 0.04578590393066406, 0.04578590393066406, 0.04578590393066406, 0.04578590393066406, 0.04578590393066406, 0.04578590393066406, 0.04578590393066406, 0.04578590393066406, 0.04578590393066406, 0.04578590393066406, 0.04578590393066406, 0.04578590393066406, 0.04578590393066406]
itl_50:0.0432198536508843
tpot:[0.045571327209472656, 0.045571327209472656, 0.045571327209472656, 0.045571327209472656, 0.045571327209472656, 0.045571327209472656, 0.045571327209472656, 0.045571327209472656, 0.045571327209472656, 0.045571327209472656, 0.045571327209472656, 0.045571327209472656, 0.045571327209472656, 0.045571327209472656, 0.045571327209472656, 0.045571327209472656, 0.045571327209472656, 0.045571327209472656, 0.045571327209472656, 0.045571327209472656, 0.045571327209472656, 0.045571327209472656, 0.045571327209472656, 0.045571327209472656, 0.045571327209472656, 0.045571327209472656, 0.045571327209472656, 0.045571327209472656, 0.045571327209472656, 0.045571327209472656, 0.045571327209472656, 0.045571327209472656, 0.045571327209472656, 0.045571327209472656, 0.045571327209472656, 0.045571327209472656, 0.045571327209472656, 0.045571327209472656, 0.045571327209472656, 0.045571327209472656, 0.045571327209472656, 0.045571327209472656, 0.045571327209472656, 0.045571327209472656]
itl_37:0.04322732244647524
tpot:[0.04522848129272461, 0.04522848129272461, 0.04522848129272461, 0.04522848129272461, 0.04522848129272461, 0.04522848129272461, 0.04522848129272461, 0.04522848129272461, 0.04522848129272461, 0.04522848129272461, 0.04522848129272461, 0.04522848129272461, 0.04522848129272461, 0.04522848129272461, 0.04522848129272461, 0.04522848129272461, 0.04522848129272461, 0.04522848129272461, 0.04522848129272461, 0.04522848129272461, 0.04522848129272461, 0.04522848129272461, 0.04522848129272461, 0.04522848129272461, 0.04522848129272461, 0.04522848129272461, 0.04522848129272461, 0.04522848129272461, 0.04522848129272461, 0.04522848129272461, 0.04522848129272461, 0.04522848129272461, 0.04522848129272461]
itl_55:0.043230402226350745
itl_74:0.043230402226350745
tpot:[0.046323537826538086, 0.046323537826538086, 0.046323537826538086, 0.046323537826538086, 0.046323537826538086, 0.046323537826538086, 0.046323537826538086, 0.046323537826538086, 0.046323537826538086, 0.046323537826538086, 0.046323537826538086, 0.046323537826538086, 0.046323537826538086, 0.046323537826538086, 0.046323537826538086, 0.046323537826538086, 0.046323537826538086, 0.046323537826538086, 0.046323537826538086, 0.046323537826538086, 0.046323537826538086, 0.046323537826538086, 0.046323537826538086, 0.046323537826538086, 0.046323537826538086, 0.046323537826538086, 0.046323537826538086, 0.046323537826538086, 0.046323537826538086, 0.046323537826538086, 0.046323537826538086, 0.046323537826538086, 0.046323537826538086, 0.046323537826538086, 0.046323537826538086, 0.046323537826538086, 0.046323537826538086, 0.046323537826538086, 0.046323537826538086, 0.046323537826538086, 0.046323537826538086, 0.046323537826538086, 0.046323537826538086, 0.046323537826538086, 0.046323537826538086]
tpot:[0.046323537826538086, 0.046323537826538086, 0.046323537826538086, 0.046323537826538086, 0.046323537826538086, 0.046323537826538086, 0.046323537826538086, 0.046323537826538086, 0.046323537826538086, 0.046323537826538086, 0.046323537826538086, 0.046323537826538086, 0.046323537826538086, 0.046323537826538086, 0.046323537826538086, 0.046323537826538086, 0.046323537826538086, 0.046323537826538086, 0.046323537826538086, 0.046323537826538086, 0.046323537826538086, 0.046323537826538086, 0.046323537826538086, 0.046323537826538086, 0.046323537826538086, 0.046323537826538086, 0.046323537826538086, 0.046323537826538086, 0.046323537826538086, 0.046323537826538086, 0.046323537826538086, 0.046323537826538086, 0.046323537826538086, 0.046323537826538086, 0.046323537826538086, 0.046323537826538086, 0.046323537826538086, 0.046323537826538086, 0.046323537826538086, 0.046323537826538086, 0.046323537826538086, 0.046323537826538086, 0.046323537826538086, 0.046323537826538086, 0.046323537826538086, 0.046323537826538086, 0.046323537826538086, 0.046323537826538086, 0.046323537826538086, 0.046323537826538086, 0.046323537826538086, 0.046323537826538086, 0.046323537826538086, 0.046323537826538086, 0.046323537826538086, 0.046323537826538086, 0.046323537826538086, 0.046323537826538086, 0.046323537826538086, 0.046323537826538086, 0.046323537826538086, 0.046323537826538086]
itl_14:0.04322056075248599
tpot:[0.03670454025268555, 0.03670454025268555, 0.03670454025268555, 0.03670454025268555, 0.03670454025268555, 0.03670454025268555, 0.03670454025268555, 0.03670454025268555, 0.03670454025268555, 0.03670454025268555, 0.03670454025268555, 0.03670454025268555]
itl_34:0.043188352852641325
tpot:[0.0358579158782959, 0.0358579158782959, 0.0358579158782959, 0.0358579158782959, 0.0358579158782959, 0.0358579158782959, 0.0358579158782959, 0.0358579158782959, 0.0358579158782959, 0.0358579158782959, 0.0358579158782959, 0.0358579158782959, 0.0358579158782959, 0.0358579158782959, 0.0358579158782959, 0.0358579158782959, 0.0358579158782959, 0.0358579158782959, 0.0358579158782959, 0.0358579158782959, 0.0358579158782959, 0.0358579158782959, 0.0358579158782959, 0.0358579158782959, 0.0358579158782959, 0.0358579158782959, 0.0358579158782959, 0.0358579158782959, 0.0358579158782959, 0.0358579158782959]
itl_10:0.04312803870753238
tpot:[0.03545117378234863, 0.03545117378234863, 0.03545117378234863, 0.03545117378234863, 0.03545117378234863, 0.03545117378234863, 0.03545117378234863, 0.03545117378234863]
itl_68:0.04311605288403848
tpot:[0.03568267822265625, 0.03568267822265625, 0.03568267822265625, 0.03568267822265625, 0.03568267822265625, 0.03568267822265625, 0.03568267822265625, 0.03568267822265625, 0.03568267822265625, 0.03568267822265625, 0.03568267822265625, 0.03568267822265625, 0.03568267822265625, 0.03568267822265625, 0.03568267822265625, 0.03568267822265625, 0.03568267822265625, 0.03568267822265625, 0.03568267822265625, 0.03568267822265625, 0.03568267822265625, 0.03568267822265625, 0.03568267822265625, 0.03568267822265625, 0.03568267822265625, 0.03568267822265625, 0.03568267822265625, 0.03568267822265625, 0.03568267822265625, 0.03568267822265625, 0.03568267822265625, 0.03568267822265625, 0.03568267822265625, 0.03568267822265625, 0.03568267822265625, 0.03568267822265625, 0.03568267822265625, 0.03568267822265625, 0.03568267822265625, 0.03568267822265625, 0.03568267822265625, 0.03568267822265625, 0.03568267822265625, 0.03568267822265625, 0.03568267822265625, 0.03568267822265625, 0.03568267822265625, 0.03568267822265625, 0.03568267822265625, 0.03568267822265625, 0.03568267822265625, 0.03568267822265625]
itl_5:0.04308010798234206
itl_48:0.04308010798234206
itl_60:0.04308010798234206
tpot:[0.03527498245239258, 0.03527498245239258, 0.03527498245239258]
tpot:[0.03527498245239258, 0.03527498245239258, 0.03527498245239258, 0.03527498245239258, 0.03527498245239258, 0.03527498245239258, 0.03527498245239258, 0.03527498245239258, 0.03527498245239258, 0.03527498245239258, 0.03527498245239258, 0.03527498245239258, 0.03527498245239258, 0.03527498245239258, 0.03527498245239258, 0.03527498245239258, 0.03527498245239258, 0.03527498245239258, 0.03527498245239258, 0.03527498245239258, 0.03527498245239258, 0.03527498245239258, 0.03527498245239258, 0.03527498245239258, 0.03527498245239258, 0.03527498245239258, 0.03527498245239258, 0.03527498245239258, 0.03527498245239258, 0.03527498245239258, 0.03527498245239258, 0.03527498245239258, 0.03527498245239258, 0.03527498245239258, 0.03527498245239258, 0.03527498245239258, 0.03527498245239258, 0.03527498245239258]
tpot:[0.03527498245239258, 0.03527498245239258, 0.03527498245239258, 0.03527498245239258, 0.03527498245239258, 0.03527498245239258, 0.03527498245239258, 0.03527498245239258, 0.03527498245239258, 0.03527498245239258, 0.03527498245239258, 0.03527498245239258, 0.03527498245239258, 0.03527498245239258, 0.03527498245239258, 0.03527498245239258, 0.03527498245239258, 0.03527498245239258, 0.03527498245239258, 0.03527498245239258, 0.03527498245239258, 0.03527498245239258, 0.03527498245239258, 0.03527498245239258, 0.03527498245239258, 0.03527498245239258, 0.03527498245239258, 0.03527498245239258, 0.03527498245239258, 0.03527498245239258, 0.03527498245239258, 0.03527498245239258, 0.03527498245239258, 0.03527498245239258, 0.03527498245239258, 0.03527498245239258, 0.03527498245239258, 0.03527498245239258, 0.03527498245239258, 0.03527498245239258, 0.03527498245239258, 0.03527498245239258, 0.03527498245239258, 0.03527498245239258, 0.03527498245239258, 0.03527498245239258]
itl_17:0.04306980322033579
tpot:[0.03689694404602051, 0.03689694404602051, 0.03689694404602051, 0.03689694404602051, 0.03689694404602051, 0.03689694404602051, 0.03689694404602051, 0.03689694404602051, 0.03689694404602051, 0.03689694404602051, 0.03689694404602051, 0.03689694404602051]
itl_25:0.04301713407039642
itl_30:0.04301713407039642
itl_33:0.04301713407039642
itl_52:0.04301713407039642
tpot:[0.03690814971923828, 0.03690814971923828, 0.03690814971923828, 0.03690814971923828, 0.03690814971923828, 0.03690814971923828, 0.03690814971923828, 0.03690814971923828, 0.03690814971923828, 0.03690814971923828, 0.03690814971923828, 0.03690814971923828, 0.03690814971923828, 0.03690814971923828, 0.03690814971923828, 0.03690814971923828, 0.03690814971923828, 0.03690814971923828, 0.03690814971923828]
tpot:[0.03690814971923828, 0.03690814971923828, 0.03690814971923828, 0.03690814971923828, 0.03690814971923828, 0.03690814971923828, 0.03690814971923828, 0.03690814971923828, 0.03690814971923828, 0.03690814971923828, 0.03690814971923828, 0.03690814971923828, 0.03690814971923828, 0.03690814971923828, 0.03690814971923828, 0.03690814971923828, 0.03690814971923828, 0.03690814971923828, 0.03690814971923828, 0.03690814971923828, 0.03690814971923828, 0.03690814971923828, 0.03690814971923828]
tpot:[0.03690814971923828, 0.03690814971923828, 0.03690814971923828, 0.03690814971923828, 0.03690814971923828, 0.03690814971923828, 0.03690814971923828, 0.03690814971923828, 0.03690814971923828, 0.03690814971923828, 0.03690814971923828, 0.03690814971923828, 0.03690814971923828, 0.03690814971923828, 0.03690814971923828, 0.03690814971923828, 0.03690814971923828, 0.03690814971923828, 0.03690814971923828, 0.03690814971923828, 0.03690814971923828, 0.03690814971923828, 0.03690814971923828, 0.03690814971923828, 0.03690814971923828, 0.03690814971923828]
tpot:[0.03690814971923828, 0.03690814971923828, 0.03690814971923828, 0.03690814971923828, 0.03690814971923828, 0.03690814971923828, 0.03690814971923828, 0.03690814971923828, 0.03690814971923828, 0.03690814971923828, 0.03690814971923828, 0.03690814971923828, 0.03690814971923828, 0.03690814971923828, 0.03690814971923828, 0.03690814971923828, 0.03690814971923828, 0.03690814971923828, 0.03690814971923828, 0.03690814971923828, 0.03690814971923828, 0.03690814971923828, 0.03690814971923828, 0.03690814971923828, 0.03690814971923828, 0.03690814971923828, 0.03690814971923828, 0.03690814971923828, 0.03690814971923828, 0.03690814971923828, 0.03690814971923828, 0.03690814971923828, 0.03690814971923828, 0.03690814971923828, 0.03690814971923828, 0.03690814971923828, 0.03690814971923828]
itl_69:0.043006071035538995
itl_75:0.043006071035538995
tpot:[0.03606390953063965, 0.03606390953063965, 0.03606390953063965, 0.03606390953063965, 0.03606390953063965, 0.03606390953063965, 0.03606390953063965, 0.03606390953063965, 0.03606390953063965, 0.03606390953063965, 0.03606390953063965, 0.03606390953063965, 0.03606390953063965, 0.03606390953063965, 0.03606390953063965, 0.03606390953063965, 0.03606390953063965, 0.03606390953063965, 0.03606390953063965, 0.03606390953063965, 0.03606390953063965, 0.03606390953063965, 0.03606390953063965, 0.03606390953063965, 0.03606390953063965, 0.03606390953063965, 0.03606390953063965, 0.03606390953063965, 0.03606390953063965, 0.03606390953063965, 0.03606390953063965, 0.03606390953063965, 0.03606390953063965, 0.03606390953063965, 0.03606390953063965, 0.03606390953063965, 0.03606390953063965, 0.03606390953063965, 0.03606390953063965, 0.03606390953063965, 0.03606390953063965, 0.03606390953063965, 0.03606390953063965, 0.03606390953063965]
tpot:[0.03606390953063965, 0.03606390953063965, 0.03606390953063965, 0.03606390953063965, 0.03606390953063965, 0.03606390953063965, 0.03606390953063965, 0.03606390953063965, 0.03606390953063965, 0.03606390953063965, 0.03606390953063965, 0.03606390953063965, 0.03606390953063965, 0.03606390953063965, 0.03606390953063965, 0.03606390953063965, 0.03606390953063965, 0.03606390953063965, 0.03606390953063965, 0.03606390953063965, 0.03606390953063965, 0.03606390953063965, 0.03606390953063965, 0.03606390953063965, 0.03606390953063965, 0.03606390953063965, 0.03606390953063965, 0.03606390953063965, 0.03606390953063965, 0.03606390953063965, 0.03606390953063965, 0.03606390953063965, 0.03606390953063965, 0.03606390953063965, 0.03606390953063965, 0.03606390953063965, 0.03606390953063965, 0.03606390953063965, 0.03606390953063965, 0.03606390953063965, 0.03606390953063965, 0.03606390953063965, 0.03606390953063965, 0.03606390953063965, 0.03606390953063965, 0.03606390953063965, 0.03606390953063965, 0.03606390953063965, 0.03606390953063965]
itl_24:0.042995490201700785
tpot:[0.03564047813415527, 0.03564047813415527, 0.03564047813415527, 0.03564047813415527, 0.03564047813415527, 0.03564047813415527, 0.03564047813415527, 0.03564047813415527, 0.03564047813415527, 0.03564047813415527, 0.03564047813415527, 0.03564047813415527, 0.03564047813415527, 0.03564047813415527, 0.03564047813415527, 0.03564047813415527, 0.03564047813415527, 0.03564047813415527]
itl_6:0.04298308405782095
itl_73:0.04298308405782095
tpot:[0.03403759002685547, 0.03403759002685547, 0.03403759002685547]
tpot:[0.03403759002685547, 0.03403759002685547, 0.03403759002685547, 0.03403759002685547, 0.03403759002685547, 0.03403759002685547, 0.03403759002685547, 0.03403759002685547, 0.03403759002685547, 0.03403759002685547, 0.03403759002685547, 0.03403759002685547, 0.03403759002685547, 0.03403759002685547, 0.03403759002685547, 0.03403759002685547, 0.03403759002685547, 0.03403759002685547, 0.03403759002685547, 0.03403759002685547, 0.03403759002685547, 0.03403759002685547, 0.03403759002685547, 0.03403759002685547, 0.03403759002685547, 0.03403759002685547, 0.03403759002685547, 0.03403759002685547, 0.03403759002685547, 0.03403759002685547, 0.03403759002685547, 0.03403759002685547, 0.03403759002685547, 0.03403759002685547, 0.03403759002685547, 0.03403759002685547, 0.03403759002685547, 0.03403759002685547, 0.03403759002685547, 0.03403759002685547, 0.03403759002685547, 0.03403759002685547, 0.03403759002685547, 0.03403759002685547, 0.03403759002685547, 0.03403759002685547]
itl_39:0.042969693920829076
itl_45:0.042969693920829076
tpot:[0.03429102897644043, 0.03429102897644043, 0.03429102897644043, 0.03429102897644043, 0.03429102897644043, 0.03429102897644043, 0.03429102897644043, 0.03429102897644043, 0.03429102897644043, 0.03429102897644043, 0.03429102897644043, 0.03429102897644043, 0.03429102897644043, 0.03429102897644043, 0.03429102897644043, 0.03429102897644043, 0.03429102897644043, 0.03429102897644043, 0.03429102897644043, 0.03429102897644043, 0.03429102897644043, 0.03429102897644043, 0.03429102897644043, 0.03429102897644043]
tpot:[0.03429102897644043, 0.03429102897644043, 0.03429102897644043, 0.03429102897644043, 0.03429102897644043, 0.03429102897644043, 0.03429102897644043, 0.03429102897644043, 0.03429102897644043, 0.03429102897644043, 0.03429102897644043, 0.03429102897644043, 0.03429102897644043, 0.03429102897644043, 0.03429102897644043, 0.03429102897644043, 0.03429102897644043, 0.03429102897644043, 0.03429102897644043, 0.03429102897644043, 0.03429102897644043, 0.03429102897644043, 0.03429102897644043, 0.03429102897644043, 0.03429102897644043, 0.03429102897644043, 0.03429102897644043, 0.03429102897644043]
itl_2:0.04295654412297005
tpot:[0.03438258171081543, 0.03438258171081543]
itl_18:0.04294340416023738
itl_49:0.04294340416023738
itl_58:0.04294340416023738
tpot:[0.03437185287475586, 0.03437185287475586, 0.03437185287475586, 0.03437185287475586, 0.03437185287475586, 0.03437185287475586, 0.03437185287475586, 0.03437185287475586, 0.03437185287475586, 0.03437185287475586]
tpot:[0.03437185287475586, 0.03437185287475586, 0.03437185287475586, 0.03437185287475586, 0.03437185287475586, 0.03437185287475586, 0.03437185287475586, 0.03437185287475586, 0.03437185287475586, 0.03437185287475586, 0.03437185287475586, 0.03437185287475586, 0.03437185287475586, 0.03437185287475586, 0.03437185287475586, 0.03437185287475586, 0.03437185287475586, 0.03437185287475586, 0.03437185287475586, 0.03437185287475586, 0.03437185287475586, 0.03437185287475586, 0.03437185287475586, 0.03437185287475586, 0.03437185287475586, 0.03437185287475586, 0.03437185287475586, 0.03437185287475586]
tpot:[0.03437185287475586, 0.03437185287475586, 0.03437185287475586, 0.03437185287475586, 0.03437185287475586, 0.03437185287475586, 0.03437185287475586, 0.03437185287475586, 0.03437185287475586, 0.03437185287475586, 0.03437185287475586, 0.03437185287475586, 0.03437185287475586, 0.03437185287475586, 0.03437185287475586, 0.03437185287475586, 0.03437185287475586, 0.03437185287475586, 0.03437185287475586, 0.03437185287475586, 0.03437185287475586, 0.03437185287475586, 0.03437185287475586, 0.03437185287475586, 0.03437185287475586, 0.03437185287475586, 0.03437185287475586, 0.03437185287475586, 0.03437185287475586, 0.03437185287475586, 0.03437185287475586, 0.03437185287475586]
itl_40:0.042928160945035036
tpot:[0.033056020736694336, 0.033056020736694336, 0.033056020736694336, 0.033056020736694336, 0.033056020736694336, 0.033056020736694336, 0.033056020736694336, 0.033056020736694336, 0.033056020736694336, 0.033056020736694336, 0.033056020736694336, 0.033056020736694336, 0.033056020736694336, 0.033056020736694336, 0.033056020736694336, 0.033056020736694336, 0.033056020736694336, 0.033056020736694336, 0.033056020736694336, 0.033056020736694336, 0.033056020736694336, 0.033056020736694336]
itl_15:0.042913497212421464
itl_41:0.042913497212421464
itl_47:0.042913497212421464
itl_65:0.042913497212421464
tpot:[0.0323178768157959, 0.0323178768157959, 0.0323178768157959, 0.0323178768157959, 0.0323178768157959, 0.0323178768157959, 0.0323178768157959, 0.0323178768157959]
tpot:[0.0323178768157959, 0.0323178768157959, 0.0323178768157959, 0.0323178768157959, 0.0323178768157959, 0.0323178768157959, 0.0323178768157959, 0.0323178768157959, 0.0323178768157959, 0.0323178768157959, 0.0323178768157959, 0.0323178768157959, 0.0323178768157959, 0.0323178768157959, 0.0323178768157959, 0.0323178768157959, 0.0323178768157959, 0.0323178768157959, 0.0323178768157959, 0.0323178768157959, 0.0323178768157959, 0.0323178768157959]
tpot:[0.0323178768157959, 0.0323178768157959, 0.0323178768157959, 0.0323178768157959, 0.0323178768157959, 0.0323178768157959, 0.0323178768157959, 0.0323178768157959, 0.0323178768157959, 0.0323178768157959, 0.0323178768157959, 0.0323178768157959, 0.0323178768157959, 0.0323178768157959, 0.0323178768157959, 0.0323178768157959, 0.0323178768157959, 0.0323178768157959, 0.0323178768157959, 0.0323178768157959, 0.0323178768157959, 0.0323178768157959, 0.0323178768157959, 0.0323178768157959, 0.0323178768157959]
tpot:[0.0323178768157959, 0.0323178768157959, 0.0323178768157959, 0.0323178768157959, 0.0323178768157959, 0.0323178768157959, 0.0323178768157959, 0.0323178768157959, 0.0323178768157959, 0.0323178768157959, 0.0323178768157959, 0.0323178768157959, 0.0323178768157959, 0.0323178768157959, 0.0323178768157959, 0.0323178768157959, 0.0323178768157959, 0.0323178768157959, 0.0323178768157959, 0.0323178768157959, 0.0323178768157959, 0.0323178768157959, 0.0323178768157959, 0.0323178768157959, 0.0323178768157959, 0.0323178768157959, 0.0323178768157959, 0.0323178768157959, 0.0323178768157959, 0.0323178768157959, 0.0323178768157959, 0.0323178768157959, 0.0323178768157959]
itl_26:0.042897466788614606
itl_31:0.042897466788614606
itl_59:0.042897466788614606
tpot:[0.03334951400756836, 0.03334951400756836, 0.03334951400756836, 0.03334951400756836, 0.03334951400756836, 0.03334951400756836, 0.03334951400756836, 0.03334951400756836, 0.03334951400756836, 0.03334951400756836, 0.03334951400756836, 0.03334951400756836, 0.03334951400756836, 0.03334951400756836]
tpot:[0.03334951400756836, 0.03334951400756836, 0.03334951400756836, 0.03334951400756836, 0.03334951400756836, 0.03334951400756836, 0.03334951400756836, 0.03334951400756836, 0.03334951400756836, 0.03334951400756836, 0.03334951400756836, 0.03334951400756836, 0.03334951400756836, 0.03334951400756836, 0.03334951400756836, 0.03334951400756836, 0.03334951400756836]
tpot:[0.03334951400756836, 0.03334951400756836, 0.03334951400756836, 0.03334951400756836, 0.03334951400756836, 0.03334951400756836, 0.03334951400756836, 0.03334951400756836, 0.03334951400756836, 0.03334951400756836, 0.03334951400756836, 0.03334951400756836, 0.03334951400756836, 0.03334951400756836, 0.03334951400756836, 0.03334951400756836, 0.03334951400756836, 0.03334951400756836, 0.03334951400756836, 0.03334951400756836, 0.03334951400756836, 0.03334951400756836, 0.03334951400756836, 0.03334951400756836, 0.03334951400756836, 0.03334951400756836]
itl_1:0.042875723437861994
tpot:[0.027881145477294922]
itl_8:0.04285388729204124
itl_11:0.04285388729204124
itl_21:0.04285388729204124
itl_62:0.04285388729204124
tpot:[0.027812719345092773, 0.027812719345092773]
tpot:[0.027812719345092773, 0.027812719345092773, 0.027812719345092773, 0.027812719345092773]
tpot:[0.027812719345092773, 0.027812719345092773, 0.027812719345092773, 0.027812719345092773, 0.027812719345092773, 0.027812719345092773, 0.027812719345092773, 0.027812719345092773, 0.027812719345092773, 0.027812719345092773]
tpot:[0.027812719345092773, 0.027812719345092773, 0.027812719345092773, 0.027812719345092773, 0.027812719345092773, 0.027812719345092773, 0.027812719345092773, 0.027812719345092773, 0.027812719345092773, 0.027812719345092773, 0.027812719345092773, 0.027812719345092773, 0.027812719345092773, 0.027812719345092773, 0.027812719345092773, 0.027812719345092773, 0.027812719345092773, 0.027812719345092773, 0.027812719345092773, 0.027812719345092773, 0.027812719345092773, 0.027812719345092773, 0.027812719345092773, 0.027812719345092773]
itl_28:0.04282961741179049
itl_61:0.04282961741179049
tpot:[0.027427196502685547, 0.027427196502685547, 0.027427196502685547, 0.027427196502685547, 0.027427196502685547, 0.027427196502685547, 0.027427196502685547, 0.027427196502685547, 0.027427196502685547, 0.027427196502685547]
tpot:[0.027427196502685547, 0.027427196502685547, 0.027427196502685547, 0.027427196502685547, 0.027427196502685547, 0.027427196502685547, 0.027427196502685547, 0.027427196502685547, 0.027427196502685547, 0.027427196502685547, 0.027427196502685547, 0.027427196502685547, 0.027427196502685547, 0.027427196502685547, 0.027427196502685547, 0.027427196502685547, 0.027427196502685547, 0.027427196502685547, 0.027427196502685547, 0.027427196502685547]
itl_7:0.042806569414466665
itl_72:0.042806569414466665
tpot:[0.026889324188232422]
tpot:[0.026889324188232422, 0.026889324188232422, 0.026889324188232422, 0.026889324188232422, 0.026889324188232422, 0.026889324188232422, 0.026889324188232422, 0.026889324188232422, 0.026889324188232422, 0.026889324188232422, 0.026889324188232422, 0.026889324188232422, 0.026889324188232422, 0.026889324188232422, 0.026889324188232422, 0.026889324188232422, 0.026889324188232422, 0.026889324188232422, 0.026889324188232422, 0.026889324188232422, 0.026889324188232422, 0.026889324188232422, 0.026889324188232422]
itl_19:0.042784851700512334
itl_64:0.042784851700512334
tpot:[0.02753472328186035, 0.02753472328186035, 0.02753472328186035, 0.02753472328186035, 0.02753472328186035]
tpot:[0.02753472328186035, 0.02753472328186035, 0.02753472328186035, 0.02753472328186035, 0.02753472328186035, 0.02753472328186035, 0.02753472328186035, 0.02753472328186035, 0.02753472328186035, 0.02753472328186035, 0.02753472328186035, 0.02753472328186035, 0.02753472328186035, 0.02753472328186035, 0.02753472328186035, 0.02753472328186035, 0.02753472328186035, 0.02753472328186035]
itl_16:0.042761887594413475
tpot:[0.027904510498046875, 0.027904510498046875, 0.027904510498046875, 0.027904510498046875]
itl_13:0.042738501514707296
itl_77:0.042738501514707296
tpot:[0.026422500610351562, 0.026422500610351562, 0.026422500610351562]
tpot:[0.026422500610351562, 0.026422500610351562, 0.026422500610351562, 0.026422500610351562, 0.026422500610351562, 0.026422500610351562, 0.026422500610351562, 0.026422500610351562, 0.026422500610351562, 0.026422500610351562, 0.026422500610351562, 0.026422500610351562, 0.026422500610351562, 0.026422500610351562, 0.026422500610351562, 0.026422500610351562, 0.026422500610351562, 0.026422500610351562, 0.026422500610351562, 0.026422500610351562]
itl_57:0.04271398221224237
tpot:[0.026206016540527344, 0.026206016540527344, 0.026206016540527344, 0.026206016540527344, 0.026206016540527344, 0.026206016540527344, 0.026206016540527344, 0.026206016540527344, 0.026206016540527344, 0.026206016540527344, 0.026206016540527344, 0.026206016540527344, 0.026206016540527344, 0.026206016540527344]
itl_71:0.04266508243702076
tpot:[0.026470661163330078, 0.026470661163330078, 0.026470661163330078, 0.026470661163330078, 0.026470661163330078, 0.026470661163330078, 0.026470661163330078, 0.026470661163330078, 0.026470661163330078, 0.026470661163330078, 0.026470661163330078, 0.026470661163330078, 0.026470661163330078, 0.026470661163330078, 0.026470661163330078, 0.026470661163330078]
itl_12:0.04258887676362794
itl_22:0.04258887676362794
itl_56:0.04258887676362794
tpot:[0.025349855422973633, 0.025349855422973633]
tpot:[0.025349855422973633, 0.025349855422973633, 0.025349855422973633, 0.025349855422973633]
tpot:[0.025349855422973633, 0.025349855422973633, 0.025349855422973633, 0.025349855422973633, 0.025349855422973633, 0.025349855422973633, 0.025349855422973633, 0.025349855422973633, 0.025349855422973633, 0.025349855422973633, 0.025349855422973633, 0.025349855422973633, 0.025349855422973633]
itl_32:0.042562867826144365
itl_38:0.042562867826144365
itl_66:0.042562867826144365
tpot:[0.025490522384643555, 0.025490522384643555, 0.025490522384643555, 0.025490522384643555, 0.025490522384643555]
tpot:[0.025490522384643555, 0.025490522384643555, 0.025490522384643555, 0.025490522384643555, 0.025490522384643555, 0.025490522384643555, 0.025490522384643555]
tpot:[0.025490522384643555, 0.025490522384643555, 0.025490522384643555, 0.025490522384643555, 0.025490522384643555, 0.025490522384643555, 0.025490522384643555, 0.025490522384643555, 0.025490522384643555, 0.025490522384643555, 0.025490522384643555]
itl_53:0.04253720676197725
tpot:[0.024962425231933594, 0.024962425231933594, 0.024962425231933594, 0.024962425231933594, 0.024962425231933594, 0.024962425231933594, 0.024962425231933594, 0.024962425231933594]
itl_23:0.04248430896714286
tpot:[0.024660825729370117, 0.024660825729370117, 0.024660825729370117]
itl_20:0.042455642848203336
itl_29:0.042455642848203336
tpot:[0.022739171981811523, 0.022739171981811523]
tpot:[0.022739171981811523, 0.022739171981811523, 0.022739171981811523]
itl_9:0.042398259239475225
itl_46:0.042398259239475225
tpot:[0.022779226303100586]
tpot:[0.022779226303100586, 0.022779226303100586, 0.022779226303100586, 0.022779226303100586]
itl_70:0.04236890518978108
tpot:[0.02203989028930664, 0.02203989028930664, 0.02203989028930664]
itl_36:0.042338803345459516
tpot:[0.02183842658996582]
itl_43:0.0422789877488755
tpot:[0.040128469467163086]
itl_76:0.0421547122503944
tpot:[0.019661903381347656]
