ttft:[0.4646010398864746, 0.4556996822357178, 0.4553396701812744, 0.4550292491912842, 0.45472288131713867, 0.4541609287261963, 0.4538569450378418, 0.45354676246643066, 0.4533226490020752, 0.4530951976776123, 0.4529125690460205, 0.45264482498168945, 0.45240211486816406, 0.45221829414367676, 0.4520077705383301, 0.4516479969024658, 0.45139431953430176, 0.4511899948120117, 0.4509468078613281, 0.45072507858276367, 0.4505176544189453, 0.4503169059753418, 0.4500877857208252, 0.44983625411987305, 0.4496605396270752, 0.44939756393432617, 0.44908690452575684, 0.4488096237182617, 0.4484436511993408, 0.4482297897338867, 0.4480574131011963, 0.44783639907836914, 0.4476325511932373, 0.4474499225616455, 0.44719600677490234, 0.4469430446624756, 0.44664669036865234, 0.44646644592285156, 0.44611525535583496, 0.44592761993408203]
itl_0:0.02834827559334891
itl_1:0.02834827559334891
itl_2:0.02834827559334891
itl_3:0.02834827559334891
itl_4:0.02834827559334891
itl_5:0.02834827559334891
itl_6:0.02834827559334891
itl_7:0.02834827559334891
itl_8:0.02834827559334891
itl_9:0.02834827559334891
itl_10:0.02834827559334891
itl_11:0.02834827559334891
itl_12:0.02834827559334891
itl_13:0.02834827559334891
itl_14:0.02834827559334891
itl_15:0.02834827559334891
itl_16:0.02834827559334891
itl_17:0.02834827559334891
itl_18:0.02834827559334891
itl_19:0.02834827559334891
itl_20:0.02834827559334891
itl_21:0.02834827559334891
itl_22:0.02834827559334891
itl_23:0.02834827559334891
itl_24:0.02834827559334891
itl_25:0.02834827559334891
itl_26:0.02834827559334891
itl_27:0.02834827559334891
itl_28:0.02834827559334891
itl_29:0.02834827559334891
itl_30:0.02834827559334891
itl_31:0.02834827559334891
itl_32:0.02834827559334891
itl_33:0.02834827559334891
itl_34:0.02834827559334891
itl_35:0.02834827559334891
itl_36:0.02834827559334891
itl_37:0.02834827559334891
itl_38:0.02834827559334891
itl_39:0.02834827559334891
tpot:[0.027765512466430664]
tpot:[0.027765512466430664, 0.027765512466430664]
tpot:[0.027765512466430664, 0.027765512466430664, 0.027765512466430664]
tpot:[0.027765512466430664, 0.027765512466430664, 0.027765512466430664, 0.027765512466430664]
tpot:[0.027765512466430664, 0.027765512466430664, 0.027765512466430664, 0.027765512466430664, 0.027765512466430664]
tpot:[0.027765512466430664, 0.027765512466430664, 0.027765512466430664, 0.027765512466430664, 0.027765512466430664, 0.027765512466430664]
tpot:[0.027765512466430664, 0.027765512466430664, 0.027765512466430664, 0.027765512466430664, 0.027765512466430664, 0.027765512466430664, 0.027765512466430664]
tpot:[0.027765512466430664, 0.027765512466430664, 0.027765512466430664, 0.027765512466430664, 0.027765512466430664, 0.027765512466430664, 0.027765512466430664, 0.027765512466430664]
tpot:[0.027765512466430664, 0.027765512466430664, 0.027765512466430664, 0.027765512466430664, 0.027765512466430664, 0.027765512466430664, 0.027765512466430664, 0.027765512466430664, 0.027765512466430664]
tpot:[0.027765512466430664, 0.027765512466430664, 0.027765512466430664, 0.027765512466430664, 0.027765512466430664, 0.027765512466430664, 0.027765512466430664, 0.027765512466430664, 0.027765512466430664, 0.027765512466430664]
tpot:[0.027765512466430664, 0.027765512466430664, 0.027765512466430664, 0.027765512466430664, 0.027765512466430664, 0.027765512466430664, 0.027765512466430664, 0.027765512466430664, 0.027765512466430664, 0.027765512466430664, 0.027765512466430664]
tpot:[0.027765512466430664, 0.027765512466430664, 0.027765512466430664, 0.027765512466430664, 0.027765512466430664, 0.027765512466430664, 0.027765512466430664, 0.027765512466430664, 0.027765512466430664, 0.027765512466430664, 0.027765512466430664, 0.027765512466430664]
tpot:[0.027765512466430664, 0.027765512466430664, 0.027765512466430664, 0.027765512466430664, 0.027765512466430664, 0.027765512466430664, 0.027765512466430664, 0.027765512466430664, 0.027765512466430664, 0.027765512466430664, 0.027765512466430664, 0.027765512466430664, 0.027765512466430664]
tpot:[0.027765512466430664, 0.027765512466430664, 0.027765512466430664, 0.027765512466430664, 0.027765512466430664, 0.027765512466430664, 0.027765512466430664, 0.027765512466430664, 0.027765512466430664, 0.027765512466430664, 0.027765512466430664, 0.027765512466430664, 0.027765512466430664, 0.027765512466430664]
tpot:[0.027765512466430664, 0.027765512466430664, 0.027765512466430664, 0.027765512466430664, 0.027765512466430664, 0.027765512466430664, 0.027765512466430664, 0.027765512466430664, 0.027765512466430664, 0.027765512466430664, 0.027765512466430664, 0.027765512466430664, 0.027765512466430664, 0.027765512466430664, 0.027765512466430664]
tpot:[0.027765512466430664, 0.027765512466430664, 0.027765512466430664, 0.027765512466430664, 0.027765512466430664, 0.027765512466430664, 0.027765512466430664, 0.027765512466430664, 0.027765512466430664, 0.027765512466430664, 0.027765512466430664, 0.027765512466430664, 0.027765512466430664, 0.027765512466430664, 0.027765512466430664, 0.027765512466430664]
tpot:[0.027765512466430664, 0.027765512466430664, 0.027765512466430664, 0.027765512466430664, 0.027765512466430664, 0.027765512466430664, 0.027765512466430664, 0.027765512466430664, 0.027765512466430664, 0.027765512466430664, 0.027765512466430664, 0.027765512466430664, 0.027765512466430664, 0.027765512466430664, 0.027765512466430664, 0.027765512466430664, 0.027765512466430664]
tpot:[0.027765512466430664, 0.027765512466430664, 0.027765512466430664, 0.027765512466430664, 0.027765512466430664, 0.027765512466430664, 0.027765512466430664, 0.027765512466430664, 0.027765512466430664, 0.027765512466430664, 0.027765512466430664, 0.027765512466430664, 0.027765512466430664, 0.027765512466430664, 0.027765512466430664, 0.027765512466430664, 0.027765512466430664, 0.027765512466430664]
tpot:[0.027765512466430664, 0.027765512466430664, 0.027765512466430664, 0.027765512466430664, 0.027765512466430664, 0.027765512466430664, 0.027765512466430664, 0.027765512466430664, 0.027765512466430664, 0.027765512466430664, 0.027765512466430664, 0.027765512466430664, 0.027765512466430664, 0.027765512466430664, 0.027765512466430664, 0.027765512466430664, 0.027765512466430664, 0.027765512466430664, 0.027765512466430664]
tpot:[0.027765512466430664, 0.027765512466430664, 0.027765512466430664, 0.027765512466430664, 0.027765512466430664, 0.027765512466430664, 0.027765512466430664, 0.027765512466430664, 0.027765512466430664, 0.027765512466430664, 0.027765512466430664, 0.027765512466430664, 0.027765512466430664, 0.027765512466430664, 0.027765512466430664, 0.027765512466430664, 0.027765512466430664, 0.027765512466430664, 0.027765512466430664, 0.027765512466430664]
tpot:[0.027765512466430664, 0.027765512466430664, 0.027765512466430664, 0.027765512466430664, 0.027765512466430664, 0.027765512466430664, 0.027765512466430664, 0.027765512466430664, 0.027765512466430664, 0.027765512466430664, 0.027765512466430664, 0.027765512466430664, 0.027765512466430664, 0.027765512466430664, 0.027765512466430664, 0.027765512466430664, 0.027765512466430664, 0.027765512466430664, 0.027765512466430664, 0.027765512466430664, 0.027765512466430664]
tpot:[0.027765512466430664, 0.027765512466430664, 0.027765512466430664, 0.027765512466430664, 0.027765512466430664, 0.027765512466430664, 0.027765512466430664, 0.027765512466430664, 0.027765512466430664, 0.027765512466430664, 0.027765512466430664, 0.027765512466430664, 0.027765512466430664, 0.027765512466430664, 0.027765512466430664, 0.027765512466430664, 0.027765512466430664, 0.027765512466430664, 0.027765512466430664, 0.027765512466430664, 0.027765512466430664, 0.027765512466430664]
tpot:[0.027765512466430664, 0.027765512466430664, 0.027765512466430664, 0.027765512466430664, 0.027765512466430664, 0.027765512466430664, 0.027765512466430664, 0.027765512466430664, 0.027765512466430664, 0.027765512466430664, 0.027765512466430664, 0.027765512466430664, 0.027765512466430664, 0.027765512466430664, 0.027765512466430664, 0.027765512466430664, 0.027765512466430664, 0.027765512466430664, 0.027765512466430664, 0.027765512466430664, 0.027765512466430664, 0.027765512466430664, 0.027765512466430664]
tpot:[0.027765512466430664, 0.027765512466430664, 0.027765512466430664, 0.027765512466430664, 0.027765512466430664, 0.027765512466430664, 0.027765512466430664, 0.027765512466430664, 0.027765512466430664, 0.027765512466430664, 0.027765512466430664, 0.027765512466430664, 0.027765512466430664, 0.027765512466430664, 0.027765512466430664, 0.027765512466430664, 0.027765512466430664, 0.027765512466430664, 0.027765512466430664, 0.027765512466430664, 0.027765512466430664, 0.027765512466430664, 0.027765512466430664, 0.027765512466430664]
tpot:[0.027765512466430664, 0.027765512466430664, 0.027765512466430664, 0.027765512466430664, 0.027765512466430664, 0.027765512466430664, 0.027765512466430664, 0.027765512466430664, 0.027765512466430664, 0.027765512466430664, 0.027765512466430664, 0.027765512466430664, 0.027765512466430664, 0.027765512466430664, 0.027765512466430664, 0.027765512466430664, 0.027765512466430664, 0.027765512466430664, 0.027765512466430664, 0.027765512466430664, 0.027765512466430664, 0.027765512466430664, 0.027765512466430664, 0.027765512466430664, 0.027765512466430664]
tpot:[0.027765512466430664, 0.027765512466430664, 0.027765512466430664, 0.027765512466430664, 0.027765512466430664, 0.027765512466430664, 0.027765512466430664, 0.027765512466430664, 0.027765512466430664, 0.027765512466430664, 0.027765512466430664, 0.027765512466430664, 0.027765512466430664, 0.027765512466430664, 0.027765512466430664, 0.027765512466430664, 0.027765512466430664, 0.027765512466430664, 0.027765512466430664, 0.027765512466430664, 0.027765512466430664, 0.027765512466430664, 0.027765512466430664, 0.027765512466430664, 0.027765512466430664, 0.027765512466430664]
tpot:[0.027765512466430664, 0.027765512466430664, 0.027765512466430664, 0.027765512466430664, 0.027765512466430664, 0.027765512466430664, 0.027765512466430664, 0.027765512466430664, 0.027765512466430664, 0.027765512466430664, 0.027765512466430664, 0.027765512466430664, 0.027765512466430664, 0.027765512466430664, 0.027765512466430664, 0.027765512466430664, 0.027765512466430664, 0.027765512466430664, 0.027765512466430664, 0.027765512466430664, 0.027765512466430664, 0.027765512466430664, 0.027765512466430664, 0.027765512466430664, 0.027765512466430664, 0.027765512466430664, 0.027765512466430664]
tpot:[0.027765512466430664, 0.027765512466430664, 0.027765512466430664, 0.027765512466430664, 0.027765512466430664, 0.027765512466430664, 0.027765512466430664, 0.027765512466430664, 0.027765512466430664, 0.027765512466430664, 0.027765512466430664, 0.027765512466430664, 0.027765512466430664, 0.027765512466430664, 0.027765512466430664, 0.027765512466430664, 0.027765512466430664, 0.027765512466430664, 0.027765512466430664, 0.027765512466430664, 0.027765512466430664, 0.027765512466430664, 0.027765512466430664, 0.027765512466430664, 0.027765512466430664, 0.027765512466430664, 0.027765512466430664, 0.027765512466430664]
tpot:[0.027765512466430664, 0.027765512466430664, 0.027765512466430664, 0.027765512466430664, 0.027765512466430664, 0.027765512466430664, 0.027765512466430664, 0.027765512466430664, 0.027765512466430664, 0.027765512466430664, 0.027765512466430664, 0.027765512466430664, 0.027765512466430664, 0.027765512466430664, 0.027765512466430664, 0.027765512466430664, 0.027765512466430664, 0.027765512466430664, 0.027765512466430664, 0.027765512466430664, 0.027765512466430664, 0.027765512466430664, 0.027765512466430664, 0.027765512466430664, 0.027765512466430664, 0.027765512466430664, 0.027765512466430664, 0.027765512466430664, 0.027765512466430664]
tpot:[0.027765512466430664, 0.027765512466430664, 0.027765512466430664, 0.027765512466430664, 0.027765512466430664, 0.027765512466430664, 0.027765512466430664, 0.027765512466430664, 0.027765512466430664, 0.027765512466430664, 0.027765512466430664, 0.027765512466430664, 0.027765512466430664, 0.027765512466430664, 0.027765512466430664, 0.027765512466430664, 0.027765512466430664, 0.027765512466430664, 0.027765512466430664, 0.027765512466430664, 0.027765512466430664, 0.027765512466430664, 0.027765512466430664, 0.027765512466430664, 0.027765512466430664, 0.027765512466430664, 0.027765512466430664, 0.027765512466430664, 0.027765512466430664, 0.027765512466430664]
tpot:[0.027765512466430664, 0.027765512466430664, 0.027765512466430664, 0.027765512466430664, 0.027765512466430664, 0.027765512466430664, 0.027765512466430664, 0.027765512466430664, 0.027765512466430664, 0.027765512466430664, 0.027765512466430664, 0.027765512466430664, 0.027765512466430664, 0.027765512466430664, 0.027765512466430664, 0.027765512466430664, 0.027765512466430664, 0.027765512466430664, 0.027765512466430664, 0.027765512466430664, 0.027765512466430664, 0.027765512466430664, 0.027765512466430664, 0.027765512466430664, 0.027765512466430664, 0.027765512466430664, 0.027765512466430664, 0.027765512466430664, 0.027765512466430664, 0.027765512466430664, 0.027765512466430664]
tpot:[0.027765512466430664, 0.027765512466430664, 0.027765512466430664, 0.027765512466430664, 0.027765512466430664, 0.027765512466430664, 0.027765512466430664, 0.027765512466430664, 0.027765512466430664, 0.027765512466430664, 0.027765512466430664, 0.027765512466430664, 0.027765512466430664, 0.027765512466430664, 0.027765512466430664, 0.027765512466430664, 0.027765512466430664, 0.027765512466430664, 0.027765512466430664, 0.027765512466430664, 0.027765512466430664, 0.027765512466430664, 0.027765512466430664, 0.027765512466430664, 0.027765512466430664, 0.027765512466430664, 0.027765512466430664, 0.027765512466430664, 0.027765512466430664, 0.027765512466430664, 0.027765512466430664, 0.027765512466430664]
tpot:[0.027765512466430664, 0.027765512466430664, 0.027765512466430664, 0.027765512466430664, 0.027765512466430664, 0.027765512466430664, 0.027765512466430664, 0.027765512466430664, 0.027765512466430664, 0.027765512466430664, 0.027765512466430664, 0.027765512466430664, 0.027765512466430664, 0.027765512466430664, 0.027765512466430664, 0.027765512466430664, 0.027765512466430664, 0.027765512466430664, 0.027765512466430664, 0.027765512466430664, 0.027765512466430664, 0.027765512466430664, 0.027765512466430664, 0.027765512466430664, 0.027765512466430664, 0.027765512466430664, 0.027765512466430664, 0.027765512466430664, 0.027765512466430664, 0.027765512466430664, 0.027765512466430664, 0.027765512466430664, 0.027765512466430664]
tpot:[0.027765512466430664, 0.027765512466430664, 0.027765512466430664, 0.027765512466430664, 0.027765512466430664, 0.027765512466430664, 0.027765512466430664, 0.027765512466430664, 0.027765512466430664, 0.027765512466430664, 0.027765512466430664, 0.027765512466430664, 0.027765512466430664, 0.027765512466430664, 0.027765512466430664, 0.027765512466430664, 0.027765512466430664, 0.027765512466430664, 0.027765512466430664, 0.027765512466430664, 0.027765512466430664, 0.027765512466430664, 0.027765512466430664, 0.027765512466430664, 0.027765512466430664, 0.027765512466430664, 0.027765512466430664, 0.027765512466430664, 0.027765512466430664, 0.027765512466430664, 0.027765512466430664, 0.027765512466430664, 0.027765512466430664, 0.027765512466430664]
tpot:[0.027765512466430664, 0.027765512466430664, 0.027765512466430664, 0.027765512466430664, 0.027765512466430664, 0.027765512466430664, 0.027765512466430664, 0.027765512466430664, 0.027765512466430664, 0.027765512466430664, 0.027765512466430664, 0.027765512466430664, 0.027765512466430664, 0.027765512466430664, 0.027765512466430664, 0.027765512466430664, 0.027765512466430664, 0.027765512466430664, 0.027765512466430664, 0.027765512466430664, 0.027765512466430664, 0.027765512466430664, 0.027765512466430664, 0.027765512466430664, 0.027765512466430664, 0.027765512466430664, 0.027765512466430664, 0.027765512466430664, 0.027765512466430664, 0.027765512466430664, 0.027765512466430664, 0.027765512466430664, 0.027765512466430664, 0.027765512466430664, 0.027765512466430664]
tpot:[0.027765512466430664, 0.027765512466430664, 0.027765512466430664, 0.027765512466430664, 0.027765512466430664, 0.027765512466430664, 0.027765512466430664, 0.027765512466430664, 0.027765512466430664, 0.027765512466430664, 0.027765512466430664, 0.027765512466430664, 0.027765512466430664, 0.027765512466430664, 0.027765512466430664, 0.027765512466430664, 0.027765512466430664, 0.027765512466430664, 0.027765512466430664, 0.027765512466430664, 0.027765512466430664, 0.027765512466430664, 0.027765512466430664, 0.027765512466430664, 0.027765512466430664, 0.027765512466430664, 0.027765512466430664, 0.027765512466430664, 0.027765512466430664, 0.027765512466430664, 0.027765512466430664, 0.027765512466430664, 0.027765512466430664, 0.027765512466430664, 0.027765512466430664, 0.027765512466430664]
tpot:[0.027765512466430664, 0.027765512466430664, 0.027765512466430664, 0.027765512466430664, 0.027765512466430664, 0.027765512466430664, 0.027765512466430664, 0.027765512466430664, 0.027765512466430664, 0.027765512466430664, 0.027765512466430664, 0.027765512466430664, 0.027765512466430664, 0.027765512466430664, 0.027765512466430664, 0.027765512466430664, 0.027765512466430664, 0.027765512466430664, 0.027765512466430664, 0.027765512466430664, 0.027765512466430664, 0.027765512466430664, 0.027765512466430664, 0.027765512466430664, 0.027765512466430664, 0.027765512466430664, 0.027765512466430664, 0.027765512466430664, 0.027765512466430664, 0.027765512466430664, 0.027765512466430664, 0.027765512466430664, 0.027765512466430664, 0.027765512466430664, 0.027765512466430664, 0.027765512466430664, 0.027765512466430664]
tpot:[0.027765512466430664, 0.027765512466430664, 0.027765512466430664, 0.027765512466430664, 0.027765512466430664, 0.027765512466430664, 0.027765512466430664, 0.027765512466430664, 0.027765512466430664, 0.027765512466430664, 0.027765512466430664, 0.027765512466430664, 0.027765512466430664, 0.027765512466430664, 0.027765512466430664, 0.027765512466430664, 0.027765512466430664, 0.027765512466430664, 0.027765512466430664, 0.027765512466430664, 0.027765512466430664, 0.027765512466430664, 0.027765512466430664, 0.027765512466430664, 0.027765512466430664, 0.027765512466430664, 0.027765512466430664, 0.027765512466430664, 0.027765512466430664, 0.027765512466430664, 0.027765512466430664, 0.027765512466430664, 0.027765512466430664, 0.027765512466430664, 0.027765512466430664, 0.027765512466430664, 0.027765512466430664, 0.027765512466430664]
tpot:[0.027765512466430664, 0.027765512466430664, 0.027765512466430664, 0.027765512466430664, 0.027765512466430664, 0.027765512466430664, 0.027765512466430664, 0.027765512466430664, 0.027765512466430664, 0.027765512466430664, 0.027765512466430664, 0.027765512466430664, 0.027765512466430664, 0.027765512466430664, 0.027765512466430664, 0.027765512466430664, 0.027765512466430664, 0.027765512466430664, 0.027765512466430664, 0.027765512466430664, 0.027765512466430664, 0.027765512466430664, 0.027765512466430664, 0.027765512466430664, 0.027765512466430664, 0.027765512466430664, 0.027765512466430664, 0.027765512466430664, 0.027765512466430664, 0.027765512466430664, 0.027765512466430664, 0.027765512466430664, 0.027765512466430664, 0.027765512466430664, 0.027765512466430664, 0.027765512466430664, 0.027765512466430664, 0.027765512466430664, 0.027765512466430664]
tpot:[0.027765512466430664, 0.027765512466430664, 0.027765512466430664, 0.027765512466430664, 0.027765512466430664, 0.027765512466430664, 0.027765512466430664, 0.027765512466430664, 0.027765512466430664, 0.027765512466430664, 0.027765512466430664, 0.027765512466430664, 0.027765512466430664, 0.027765512466430664, 0.027765512466430664, 0.027765512466430664, 0.027765512466430664, 0.027765512466430664, 0.027765512466430664, 0.027765512466430664, 0.027765512466430664, 0.027765512466430664, 0.027765512466430664, 0.027765512466430664, 0.027765512466430664, 0.027765512466430664, 0.027765512466430664, 0.027765512466430664, 0.027765512466430664, 0.027765512466430664, 0.027765512466430664, 0.027765512466430664, 0.027765512466430664, 0.027765512466430664, 0.027765512466430664, 0.027765512466430664, 0.027765512466430664, 0.027765512466430664, 0.027765512466430664, 0.027765512466430664]
itl_0:0.0283110777537028
itl_1:0.0283110777537028
itl_2:0.0283110777537028
itl_3:0.0283110777537028
itl_4:0.0283110777537028
itl_5:0.0283110777537028
itl_6:0.0283110777537028
itl_7:0.0283110777537028
itl_8:0.0283110777537028
itl_9:0.0283110777537028
itl_10:0.0283110777537028
itl_11:0.0283110777537028
itl_12:0.0283110777537028
itl_13:0.0283110777537028
itl_14:0.0283110777537028
itl_15:0.0283110777537028
itl_16:0.0283110777537028
itl_17:0.0283110777537028
itl_18:0.0283110777537028
itl_19:0.0283110777537028
itl_20:0.0283110777537028
itl_21:0.0283110777537028
itl_22:0.0283110777537028
itl_23:0.0283110777537028
itl_24:0.0283110777537028
itl_25:0.0283110777537028
itl_26:0.0283110777537028
itl_27:0.0283110777537028
itl_28:0.0283110777537028
itl_29:0.0283110777537028
itl_30:0.0283110777537028
itl_31:0.0283110777537028
itl_32:0.0283110777537028
itl_33:0.0283110777537028
itl_34:0.0283110777537028
itl_35:0.0283110777537028
itl_36:0.0283110777537028
itl_37:0.0283110777537028
itl_38:0.0283110777537028
itl_39:0.0283110777537028
