ttft:[0.24390125274658203, 0.23450946807861328, 0.23412108421325684, 0.23381686210632324, 0.23350977897644043, 0.2329692840576172, 0.23267459869384766, 0.23238182067871094, 0.23217415809631348, 0.2319355010986328, 0.2317507266998291, 0.23148441314697266, 0.2312462329864502, 0.23105311393737793, 0.23084068298339844, 0.2304673194885254, 0.23021554946899414, 0.2300100326538086, 0.22976469993591309, 0.22954392433166504]
itl_0:0.0243434054510934
itl_1:0.0243434054510934
itl_2:0.0243434054510934
itl_3:0.0243434054510934
itl_4:0.0243434054510934
itl_5:0.0243434054510934
itl_6:0.0243434054510934
itl_7:0.0243434054510934
itl_8:0.0243434054510934
itl_9:0.0243434054510934
itl_10:0.0243434054510934
itl_11:0.0243434054510934
itl_12:0.0243434054510934
itl_13:0.0243434054510934
itl_14:0.0243434054510934
itl_15:0.0243434054510934
itl_16:0.0243434054510934
itl_17:0.0243434054510934
itl_18:0.0243434054510934
itl_19:0.0243434054510934
tpot:[0.024129629135131836]
tpot:[0.024129629135131836, 0.024129629135131836]
tpot:[0.024129629135131836, 0.024129629135131836, 0.024129629135131836]
tpot:[0.024129629135131836, 0.024129629135131836, 0.024129629135131836, 0.024129629135131836]
tpot:[0.024129629135131836, 0.024129629135131836, 0.024129629135131836, 0.024129629135131836, 0.024129629135131836]
tpot:[0.024129629135131836, 0.024129629135131836, 0.024129629135131836, 0.024129629135131836, 0.024129629135131836, 0.024129629135131836]
tpot:[0.024129629135131836, 0.024129629135131836, 0.024129629135131836, 0.024129629135131836, 0.024129629135131836, 0.024129629135131836, 0.024129629135131836]
tpot:[0.024129629135131836, 0.024129629135131836, 0.024129629135131836, 0.024129629135131836, 0.024129629135131836, 0.024129629135131836, 0.024129629135131836, 0.024129629135131836]
tpot:[0.024129629135131836, 0.024129629135131836, 0.024129629135131836, 0.024129629135131836, 0.024129629135131836, 0.024129629135131836, 0.024129629135131836, 0.024129629135131836, 0.024129629135131836]
tpot:[0.024129629135131836, 0.024129629135131836, 0.024129629135131836, 0.024129629135131836, 0.024129629135131836, 0.024129629135131836, 0.024129629135131836, 0.024129629135131836, 0.024129629135131836, 0.024129629135131836]
tpot:[0.024129629135131836, 0.024129629135131836, 0.024129629135131836, 0.024129629135131836, 0.024129629135131836, 0.024129629135131836, 0.024129629135131836, 0.024129629135131836, 0.024129629135131836, 0.024129629135131836, 0.024129629135131836]
tpot:[0.024129629135131836, 0.024129629135131836, 0.024129629135131836, 0.024129629135131836, 0.024129629135131836, 0.024129629135131836, 0.024129629135131836, 0.024129629135131836, 0.024129629135131836, 0.024129629135131836, 0.024129629135131836, 0.024129629135131836]
tpot:[0.024129629135131836, 0.024129629135131836, 0.024129629135131836, 0.024129629135131836, 0.024129629135131836, 0.024129629135131836, 0.024129629135131836, 0.024129629135131836, 0.024129629135131836, 0.024129629135131836, 0.024129629135131836, 0.024129629135131836, 0.024129629135131836]
tpot:[0.024129629135131836, 0.024129629135131836, 0.024129629135131836, 0.024129629135131836, 0.024129629135131836, 0.024129629135131836, 0.024129629135131836, 0.024129629135131836, 0.024129629135131836, 0.024129629135131836, 0.024129629135131836, 0.024129629135131836, 0.024129629135131836, 0.024129629135131836]
tpot:[0.024129629135131836, 0.024129629135131836, 0.024129629135131836, 0.024129629135131836, 0.024129629135131836, 0.024129629135131836, 0.024129629135131836, 0.024129629135131836, 0.024129629135131836, 0.024129629135131836, 0.024129629135131836, 0.024129629135131836, 0.024129629135131836, 0.024129629135131836, 0.024129629135131836]
tpot:[0.024129629135131836, 0.024129629135131836, 0.024129629135131836, 0.024129629135131836, 0.024129629135131836, 0.024129629135131836, 0.024129629135131836, 0.024129629135131836, 0.024129629135131836, 0.024129629135131836, 0.024129629135131836, 0.024129629135131836, 0.024129629135131836, 0.024129629135131836, 0.024129629135131836, 0.024129629135131836]
tpot:[0.024129629135131836, 0.024129629135131836, 0.024129629135131836, 0.024129629135131836, 0.024129629135131836, 0.024129629135131836, 0.024129629135131836, 0.024129629135131836, 0.024129629135131836, 0.024129629135131836, 0.024129629135131836, 0.024129629135131836, 0.024129629135131836, 0.024129629135131836, 0.024129629135131836, 0.024129629135131836, 0.024129629135131836]
tpot:[0.024129629135131836, 0.024129629135131836, 0.024129629135131836, 0.024129629135131836, 0.024129629135131836, 0.024129629135131836, 0.024129629135131836, 0.024129629135131836, 0.024129629135131836, 0.024129629135131836, 0.024129629135131836, 0.024129629135131836, 0.024129629135131836, 0.024129629135131836, 0.024129629135131836, 0.024129629135131836, 0.024129629135131836, 0.024129629135131836]
tpot:[0.024129629135131836, 0.024129629135131836, 0.024129629135131836, 0.024129629135131836, 0.024129629135131836, 0.024129629135131836, 0.024129629135131836, 0.024129629135131836, 0.024129629135131836, 0.024129629135131836, 0.024129629135131836, 0.024129629135131836, 0.024129629135131836, 0.024129629135131836, 0.024129629135131836, 0.024129629135131836, 0.024129629135131836, 0.024129629135131836, 0.024129629135131836]
tpot:[0.024129629135131836, 0.024129629135131836, 0.024129629135131836, 0.024129629135131836, 0.024129629135131836, 0.024129629135131836, 0.024129629135131836, 0.024129629135131836, 0.024129629135131836, 0.024129629135131836, 0.024129629135131836, 0.024129629135131836, 0.024129629135131836, 0.024129629135131836, 0.024129629135131836, 0.024129629135131836, 0.024129629135131836, 0.024129629135131836, 0.024129629135131836, 0.024129629135131836]
itl_0:0.024331331253051758
itl_1:0.024331331253051758
itl_2:0.024331331253051758
itl_3:0.024331331253051758
itl_4:0.024331331253051758
itl_5:0.024331331253051758
itl_6:0.024331331253051758
itl_7:0.024331331253051758
itl_8:0.024331331253051758
itl_9:0.024331331253051758
itl_10:0.024331331253051758
itl_11:0.024331331253051758
itl_12:0.024331331253051758
itl_13:0.024331331253051758
itl_14:0.024331331253051758
itl_15:0.024331331253051758
itl_16:0.024331331253051758
itl_17:0.024331331253051758
itl_18:0.024331331253051758
itl_19:0.024331331253051758
